2.160857051315066002e-01 1.337453668650212535e-01
3.757502662243437097e-01 4.016967444315959312e+00
4.870423795299232417e-01 1.617004214587311139e+00
5.786361351113049611e-01 5.500226292038249198e+00
6.588485608158165530e-01 3.100263062309586815e+00
7.314808578485615387e-01 7.002998325809386415e-01
7.986501204569758094e-01 4.583521910031876700e+00
8.616807666505050811e-01 2.183558680303214317e+00
9.214685000885667332e-01 6.066780757754145270e+00
9.786544295555067441e-01 3.666817528025497097e+00
1.033717941101252702e+00 1.266854298296848924e+00
1.087030368374158895e+00 5.150076375747772772e+00
1.138887994327101083e+00 2.750113146019124599e+00
1.189533384368649083e+00 3.501499162904693208e-01
1.239169765041332028e+00 4.233371993741400274e+00
1.287971073095237173e+00 1.833408764012748549e+00
1.336089212958725403e+00 5.716630841463679502e+00
1.383659464243065962e+00 3.316667611735027776e+00
1.430804639040423876e+00 9.167043820063742743e-01
1.477638385760231987e+00 4.799926459457307004e+00
1.524267912529408742e+00 2.399963229728653502e+00
1.570796326794896558e+00 0.000000000000000000e+00
1.617324741060384374e+00 3.883222077450932730e+00
1.663954267829561129e+00 1.483258847722279228e+00
1.710788014549369240e+00 5.366480925173211958e+00
1.757933189346727154e+00 2.966517695444558456e+00
1.805503440631067713e+00 5.665544657159067299e-01
1.853621580494555943e+00 4.449776543166837683e+00
1.902422888548461088e+00 2.049813313438185958e+00
1.952059269221144033e+00 5.933035390889116911e+00
2.002704659262692033e+00 3.533072161160461633e+00
2.054562285215634443e+00 1.133108931431813460e+00
2.107874712488540414e+00 5.016331008882737308e+00
2.162938224034286261e+00 2.616367779154089135e+00
2.220124153501226161e+00 2.164045494254409618e-01
2.279911886939288035e+00 4.099626626876371915e+00
2.342942533132817307e+00 1.699663397147709532e+00
2.410111795741231688e+00 5.582885474598647590e+00
2.482744092773976341e+00 3.182922244869999417e+00
2.562956518478488377e+00 7.829590151413370336e-01
2.654550274059869874e+00 4.666181092592275093e+00
2.765842387365449184e+00 2.266217862863626920e+00
2.925506948458286516e+00 6.149439940314564979e+00
