1.286535776578119350e-01 5.767717025768334338e+00
2.231435558691674537e-01 3.367753796039657743e+00
2.884790502957070846e-01 9.677905663109811485e-01
3.418122363519380258e-01 4.851012643761947629e+00
3.881261948371326209e-01 2.451049414033271034e+00
4.296996661514245197e-01 5.108618430462286142e-02
4.678011003045396965e-01 3.934308261755560920e+00
5.032225026709018501e-01 1.534345032026912747e+00
5.364975895927903693e-01 5.417567109477822385e+00
5.680062238657184182e-01 3.017603879749174212e+00
5.980301373835498202e-01 6.176406500205260386e-01
6.267851263342536505e-01 4.500862727471464098e+00
6.544408265901305866e-01 2.100899497742815925e+00
6.811334656286950340e-01 5.984121575193725562e+00
7.069744178746649732e-01 3.584158345465105810e+00
7.320561368528358814e-01 1.184195115736429216e+00
7.564563846683712844e-01 5.067417193187395696e+00
7.802413203858749036e-01 2.667453963458719102e+00
8.034678023358505783e-01 2.674907337300425070e-01
8.261851358113928567e-01 4.150712811181008988e+00
8.484364211614698892e-01 1.750749581452332393e+00
8.702596085657673397e-01 5.633971658903270452e+00
8.916883339114562990e-01 3.234008429174622279e+00
9.127525888653265085e-01 8.340451994459741059e-01
9.334792636623812090e-01 4.717267276896912165e+00
9.538925909877906673e-01 2.317304047168263992e+00
9.740145121473396950e-01 6.200526124619173629e+00
9.938649815584398306e-01 3.800562894890525456e+00
1.013462221829542820e+00 1.400599665161877283e+00
1.032822938915888944e+00 5.283821742612815342e+00
1.051962504762058881e+00 2.883858512884167169e+00
1.070895113272204657e+00 4.838952831554905742e-01
1.089633914250862201e+00 4.367117360606428633e+00
1.108191129034259426e+00 1.967154130877780460e+00
1.126578150814629087e+00 5.850376208328704308e+00
1.144805632097852799e+00 3.450412978600056135e+00
1.162883561290826595e+00 1.050449748871407962e+00
1.180821330061843755e+00 4.933671826322346021e+00
1.198627792834570549e+00 2.533708596593697848e+00
1.216311319548379899e+00 1.337453668650212535e-01
1.233879842633142321e+00 4.016967444315959312e+00
1.251340898996068596e+00 1.617004214587311139e+00
1.268701667694868140e+00 5.500226292038249198e+00
1.285969003869968041e+00 3.100263062309586815e+00
1.303149469424542239e+00 7.002998325809386415e-01
1.320249360871371458e+00 4.583521910031876700e+00
1.337274734707394774e+00 2.183558680303214317e+00
1.354231430628164201e+00 6.066780757754145270e+00
1.371125092853587191e+00 3.666817528025497097e+00
1.387961189801987905e+00 1.266854298296848924e+00
1.404745032320553477e+00 5.150076375747772772e+00
1.421481790655779065e+00 2.750113146019124599e+00
1.438176510326855340e+00 3.501499162904693208e-01
1.454834127047496928e+00 4.233371993741400274e+00
1.471459480826986077e+00 1.833408764012748549e+00
1.488057329368835502e+00 5.716630841463679502e+00
1.504632360875133523e+00 3.316667611735027776e+00
1.521189206356061696e+00 9.167043820063742743e-01
1.537732451537073164e+00 4.799926459457307004e+00
1.554266648450609578e+00 2.399963229728653502e+00
1.570796326794896558e+00 0.000000000000000000e+00
1.587326005139183538e+00 3.883222077450932730e+00
1.603860202052719952e+00 1.483258847722279228e+00
1.620403447233731420e+00 5.366480925173211958e+00
1.636960292714659593e+00 2.966517695444558456e+00
1.653535324220957614e+00 5.665544657159067299e-01
1.670133172762807039e+00 4.449776543166837683e+00
1.686758526542296188e+00 2.049813313438185958e+00
1.703416143262937776e+00 5.933035390889116911e+00
1.720110862934014051e+00 3.533072161160461633e+00
1.736847621269239639e+00 1.133108931431813460e+00
1.753631463787805211e+00 5.016331008882737308e+00
1.770467560736205925e+00 2.616367779154089135e+00
1.787361222961628915e+00 2.164045494254409618e-01
1.804317918882398342e+00 4.099626626876371915e+00
1.821343292718421658e+00 1.699663397147709532e+00
1.838443184165250877e+00 5.582885474598647590e+00
1.855623649719825075e+00 3.182922244869999417e+00
1.872890985894924976e+00 7.829590151413370336e-01
1.890251754593724520e+00 4.666181092592275093e+00
1.907712810956650795e+00 2.266217862863626920e+00
1.925281334041413217e+00 6.149439940314564979e+00
1.942964860755222567e+00 3.749476710585888384e+00
1.960771323527949361e+00 1.349513480857240211e+00
1.978709092298966521e+00 5.232735558308178270e+00
1.996787021491940317e+00 2.832772328579530097e+00
2.015014502775164029e+00 4.328090988508819237e-01
2.033401524555533690e+00 4.316031176301805772e+00
2.051958739338930915e+00 1.916067946573157599e+00
2.070697540317588459e+00 5.799290024024095658e+00
2.089630148827734235e+00 3.399326794295419063e+00
2.108769714673904172e+00 9.993635645667708900e-01
2.128130431760250296e+00 4.882585642017708949e+00
2.147727672031353396e+00 2.482622412289060776e+00
2.167578141442453532e+00 8.265918256041260292e-02
2.187700062602002227e+00 3.965881260011322240e+00
2.208113389927412129e+00 1.565918030282674067e+00
2.228840064724466608e+00 5.449140107733612126e+00
2.249904319678337039e+00 3.049176878004963953e+00
2.271333045024025665e+00 6.492136482763157801e-01
2.293156232428323449e+00 4.532435725727253839e+00
2.315407517778400148e+00 2.132472495998577244e+00
2.338124851253942538e+00 6.015694573449543725e+00
2.361351333203918212e+00 3.615731343720867130e+00
2.385136268921421721e+00 1.215768113992190536e+00
2.409536516736957346e+00 5.098990191443157016e+00
2.434618235715128254e+00 2.699026961714480422e+00
2.460459187961097971e+00 2.990637319858606702e-01
2.487151826999662418e+00 4.182285809436770307e+00
2.514807527255539465e+00 1.782322579708122134e+00
2.543562516206243185e+00 5.665544657159060193e+00
2.573586429724074698e+00 3.265581427430412020e+00
2.605095063997002747e+00 8.656181977017638474e-01
2.638370150918891266e+00 4.748840275152673485e+00
2.673791553285253642e+00 2.348877045424025312e+00
2.711892987438368596e+00 6.232099122874963371e+00
2.753466458752660273e+00 3.832135893146315198e+00
2.799780417237855090e+00 1.432172663417638603e+00
2.853113603294086253e+00 5.315394740868605084e+00
2.918449097720625662e+00 2.915431511139928489e+00
3.012939075931980959e+00 5.154682814112518940e-01
