2.546880542693639171e-01 4.583521910031876700e+00
4.435688131157735636e-01 2.183558680303214317e+00
5.758868411249311592e-01 6.066780757754145270e+00
6.853563444893405743e-01 3.666817528025497097e+00
7.817560916480964517e-01 1.266854298296848924e+00
8.695619622118279102e-01 5.150076375747772772e+00
9.512754309818486353e-01 2.750113146019124599e+00
1.028471024020048086e+00 3.501499162904693208e-01
1.102224059270822343e+00 4.233371993741400274e+00
1.173315524645064167e+00 1.833408764012748549e+00
1.242341708864600491e+00 5.716630841463679502e+00
1.309778003216130804e+00 3.316667611735027776e+00
1.376018684060543062e+00 9.167043820063742743e-01
1.441403309289427614e+00 4.799926459457307004e+00
1.506235357477419656e+00 2.399963229728653502e+00
1.570796326794896558e+00 0.000000000000000000e+00
1.635357296112373460e+00 3.883222077450932730e+00
1.700189344300365502e+00 1.483258847722279228e+00
1.765573969529250054e+00 5.366480925173211958e+00
1.831814650373662312e+00 2.966517695444558456e+00
1.899250944725192625e+00 5.665544657159067299e-01
1.968277128944728949e+00 4.449776543166837683e+00
2.039368594318970551e+00 2.049813313438185958e+00
2.113121629569745252e+00 5.933035390889116911e+00
2.190317222607944370e+00 3.533072161160461633e+00
2.272030691377965095e+00 1.133108931431813460e+00
2.359836561941696775e+00 5.016331008882737308e+00
2.456236309100452431e+00 2.616367779154089135e+00
2.565705812464861957e+00 2.164045494254409618e-01
2.698023840474019330e+00 4.099626626876371915e+00
2.886904599320429199e+00 1.699663397147709532e+00
