1.729893026358644281e-01 3.800562894890525456e+00
3.003808174750672855e-01 1.400599665161877283e+00
3.887775385418468233e-01 5.283821742612815342e+00
4.611926446133007840e-01 2.883858512884167169e+00
5.243058666505882037e-01 4.838952831554905742e-01
5.811699891006706364e-01 4.367117360606428633e+00
6.334837953510792374e-01 1.967154130877780460e+00
6.823079869069642589e-01 5.850376208328704308e+00
7.283576101842745842e-01 3.450412978600056135e+00
7.721419880702848904e-01 1.050449748871407962e+00
8.140393531498414381e-01 4.933671826322346021e+00
8.543399544810654778e-01 2.533708596593697848e+00
8.932725281246339799e-01 1.337453668650212535e-01
9.310213633539167200e-01 4.016967444315959312e+00
9.677377519813641360e-01 1.617004214587311139e+00
1.003547928265962730e+00 5.500226292038249198e+00
1.038558732089693182e+00 3.100263062309586815e+00
1.072861747267001009e+00 7.002998325809386415e-01
1.106536390250963731e+00 4.583521910031876700e+00
1.139652259069138251e+00 2.183558680303214317e+00
1.172270949995249056e+00 6.066780757754145270e+00
1.204447484281859770e+00 3.666817528025497097e+00
1.236231444672075241e+00 1.266854298296848924e+00
1.267667892912292871e+00 5.150076375747772772e+00
1.298798120038071158e+00 2.750113146019124599e+00
1.329660267687618136e+00 3.501499162904693208e-01
1.360289849151661956e+00 4.233371993741400274e+00
1.390720192033236602e+00 1.833408764012748549e+00
1.420982819438954436e+00 5.716630841463679502e+00
1.451107783002855811e+00 3.316667611735027776e+00
1.481123958381387329e+00 9.167043820063742743e-01
1.511059311897653412e+00 4.799926459457307004e+00
1.540941145578266447e+00 2.399963229728653502e+00
1.570796326794896558e+00 0.000000000000000000e+00
1.600651508011526669e+00 3.883222077450932730e+00
1.630533341692139704e+00 1.483258847722279228e+00
1.660468695208405787e+00 5.366480925173211958e+00
1.690484870586937305e+00 2.966517695444558456e+00
1.720609834150838680e+00 5.665544657159067299e-01
1.750872461556556514e+00 4.449776543166837683e+00
1.781302804438131160e+00 2.049813313438185958e+00
1.811932385902174980e+00 5.933035390889116911e+00
1.842794533551721958e+00 3.533072161160461633e+00
1.873924760677500245e+00 1.133108931431813460e+00
1.905361208917717875e+00 5.016331008882737308e+00
1.937145169307933346e+00 2.616367779154089135e+00
1.969321703594544060e+00 2.164045494254409618e-01
2.001940394520654642e+00 4.099626626876371915e+00
2.035056263338829385e+00 1.699663397147709532e+00
2.068730906322792329e+00 5.582885474598647590e+00
2.103033921500100156e+00 3.182922244869999417e+00
2.138044725323830164e+00 7.829590151413370336e-01
2.173854901608429202e+00 4.666181092592275093e+00
2.210571290235876507e+00 2.266217862863626920e+00
2.248320125465159247e+00 6.149439940314564979e+00
2.287252699108727860e+00 3.749476710585888384e+00
2.327553300439951567e+00 1.349513480857240211e+00
2.369450665519508448e+00 5.232735558308178270e+00
2.413235043405518532e+00 2.832772328579530097e+00
2.459284666682828746e+00 4.328090988508819237e-01
2.508108858238713879e+00 4.316031176301805772e+00
2.560422664489122369e+00 1.916067946573157599e+00
2.617286786939204912e+00 5.799290024024095658e+00
2.680400008976492110e+00 3.399326794295419063e+00
2.752815115047946293e+00 9.993635645667708900e-01
2.841211836114725831e+00 4.882585642017708949e+00
2.968603350953928910e+00 2.482622412289060776e+00
