2.574870093934855664e-01 2.635880965202929360e+00
2.848388108994617252e-01 2.359177354742527655e-01
3.098446397416272369e-01 4.119139812925219246e+00
3.330336916699028205e-01 1.719176583196599495e+00
3.547627226942879908e-01 5.602398660647509132e+00
3.752857258448869526e-01 3.202435430918832537e+00
3.947911196997613281e-01 8.024722011901559426e-01
4.134232416598317972e-01 4.685694278641122423e+00
4.312955538425886637e-01 2.285731048912502672e+00
4.484991612527999827e-01 6.168953126363412309e+00
4.651085283127303072e-01 3.768989896634735715e+00
4.811854437206704027e-01 1.369026666906059120e+00
4.967818480489007982e-01 5.252248744357082444e+00
5.119418989841353351e-01 2.852285514628405849e+00
5.267035112730238389e-01 4.523222848997292544e-01
5.410995259571458327e-01 4.335544362350638892e+00
5.551586124397864808e-01 1.935581132621962297e+00
5.689059743950377612e-01 5.818803210072871934e+00
5.823639092498761327e-01 3.418839980344309026e+00
5.955522567248939803e-01 1.018876750615632432e+00
6.084887621843596550e-01 4.902098828066542069e+00
6.211893737683543693e-01 2.502135598337865474e+00
6.336684874803715228e-01 1.021723686092457228e-01
6.459391509528416009e-01 3.985394446060212204e+00
6.580132340966710069e-01 1.585431216331535609e+00
6.699015729821711229e-01 5.468653293782445246e+00
6.816140919094845207e-01 3.068690064053825495e+00
6.931599075767537199e-01 6.687268343251489000e-01
7.045474184528451866e-01 4.551948911776058537e+00
7.157843818438109906e-01 2.151985682047438786e+00
7.268779806621273876e-01 6.035207759498348423e+00
7.378348815313598985e-01 3.635244529769728672e+00
7.486612855616208151e-01 1.235281300041052077e+00
7.593629728946330593e-01 5.118503377491961714e+00
7.699453419277418886e-01 2.718540147763341963e+00
7.804134439734528028e-01 3.185769180347222118e-01
7.907720139871790010e-01 4.201798995485631849e+00
8.010254978948192495e-01 1.801835765756955254e+00
8.111780769688974324e-01 5.685057843207864892e+00
8.212336896336762671e-01 3.285094613479301984e+00
8.311960510230499422e-01 8.851313837506253890e-01
8.410686705679302211e-01 4.768353461201535026e+00
8.508548678504634921e-01 2.368390231472858432e+00
8.605577869293760118e-01 6.251612308923768069e+00
8.701804093128916451e-01 3.851649079195205161e+00
8.797255657321086941e-01 1.451685849466528566e+00
8.891959468477207418e-01 5.334907926917438203e+00
8.985941130059214021e-01 2.934944697188761609e+00
9.079225031447608618e-01 5.349814674600850140e-01
9.171834429397308641e-01 4.418203544911051495e+00
9.263791522665982825e-01 2.018240315182431743e+00
9.355117520502375106e-01 5.901462392633341381e+00
9.445832705601788781e-01 3.501499162904664786e+00
9.535956492066333112e-01 1.101535933175988191e+00
9.625507478846869747e-01 4.984758010626954672e+00
9.714503499090826333e-01 2.584794780898278077e+00
9.802961665773778366e-01 1.848315511696583258e-01
9.890898413952254886e-01 4.068053628620567963e+00
9.978329539939635451e-01 1.668090398891948212e+00
1.006527023767569418e+00 5.551312476342857849e+00
1.015173513253275983e+00 3.151349246614238098e+00
1.023773831277697610e+00 7.513860168855615029e-01
1.032329335888158894e+00 4.634608094336527984e+00
1.040841337086994445e+00 2.234644864607851389e+00
1.049311099384885981e+00 6.117866942058761026e+00
1.057739844187775002e+00 3.717903712330141275e+00
1.066128752030542692e+00 1.317940482601464680e+00
1.074478964669429937e+00 5.201162560052402739e+00
1.082791587044082515e+00 2.801199330323754566e+00
1.091067689119143758e+00 4.012361005950779713e-01
1.099308307614429658e+00 4.284458178046044452e+00
1.107514447631943177e+00 1.884494948317367857e+00
1.115687084187276579e+00 5.767717025768334338e+00
1.123827163652304284e+00 3.367753796039657743e+00
1.131935605115500287e+00 9.677905663109811485e-01
1.140013301665687040e+00 4.851012643761947629e+00
1.148061121604549983e+00 2.451049414033271034e+00
1.156079909592824695e+00 5.108618430462286142e-02
1.164070487734674586e+00 3.934308261755560920e+00
1.172033656604418939e+00 1.534345032026912747e+00
1.179970196219454870e+00 5.417567109477822385e+00
1.187880866962919502e+00 3.017603879749174212e+00
1.195766410459369711e+00 6.176406500205260386e-01
1.203627550406516589e+00 4.500862727471464098e+00
1.211464993365825027e+00 2.100899497742815925e+00
1.219279429514583013e+00 5.984121575193725562e+00
1.227071533361862032e+00 3.584158345465105810e+00
1.234841964430616335e+00 1.184195115736429216e+00
1.242591367908007172e+00 5.067417193187395696e+00
1.250320375265901118e+00 2.667453963458719102e+00
1.258029604853351469e+00 2.674907337300425070e-01
1.265719662462753803e+00 4.150712811181008988e+00
1.273391141871248688e+00 1.750749581452332393e+00
1.281044625358849220e+00 5.633971658903270452e+00
1.288680684204666083e+00 3.234008429174622279e+00
1.296299879162519542e+00 8.340451994459741059e-01
1.303902760917144299e+00 4.717267276896912165e+00
1.311489870522119405e+00 2.317304047168263992e+00
1.319061739820582835e+00 6.200526124619173629e+00
1.326618891849728588e+00 3.800562894890525456e+00
1.334161841230020906e+00 1.400599665161877283e+00
1.341691094540010010e+00 5.283821742612815342e+00
1.349207150677576461e+00 2.883858512884167169e+00
1.356710501208386876e+00 4.838952831554905742e-01
1.364201630702301493e+00 4.367117360606428633e+00
1.371681017058427487e+00 1.967154130877780460e+00
1.379149131819480179e+00 5.850376208328704308e+00
1.386606440476073621e+00 3.450412978600056135e+00
1.394053402761534999e+00 1.050449748871407962e+00
1.401490472937799492e+00 4.933671826322346021e+00
1.408918100072922508e+00 2.533708596593697848e+00
1.416336728310712445e+00 1.337453668650212535e-01
1.423746797132969588e+00 4.016967444315959312e+00
1.431148741614787223e+00 1.617004214587311139e+00
1.438542992673356613e+00 5.500226292038249198e+00
1.445929977310695058e+00 3.100263062309586815e+00
1.453310118850696497e+00 7.002998325809386415e-01
1.460683837170894561e+00 4.583521910031876700e+00
1.468051548929302008e+00 2.183558680303214317e+00
1.475413667786687144e+00 6.066780757754145270e+00
1.482770604624629840e+00 3.666817528025497097e+00
1.490122767759684885e+00 1.266854298296848924e+00
1.497470563153976642e+00 5.150076375747772772e+00
1.504814394622535190e+00 2.750113146019124599e+00
1.512154664037672624e+00 3.501499162904693208e-01
1.519491771530696811e+00 4.233371993741400274e+00
1.526826115691245933e+00 1.833408764012748549e+00
1.534158093764526720e+00 5.716630841463679502e+00
1.541488101846725911e+00 3.316667611735027776e+00
1.548816535078871404e+00 9.167043820063742743e-01
1.556143787839400439e+00 4.799926459457307004e+00
1.563470253935702825e+00 2.399963229728653502e+00
1.570796326794896558e+00 0.000000000000000000e+00
1.578122399654090291e+00 3.883222077450932730e+00
1.585448865750392677e+00 1.483258847722279228e+00
1.592776118510921712e+00 5.366480925173211958e+00
1.600104551743067205e+00 2.966517695444558456e+00
1.607434559825266396e+00 5.665544657159067299e-01
1.614766537898547183e+00 4.449776543166837683e+00
1.622100882059096305e+00 2.049813313438185958e+00
1.629437989552120492e+00 5.933035390889116911e+00
1.636778258967257926e+00 3.533072161160461633e+00
1.644122090435816474e+00 1.133108931431813460e+00
1.651469885830108231e+00 5.016331008882737308e+00
1.658822048965163276e+00 2.616367779154089135e+00
1.666178985803105972e+00 2.164045494254409618e-01
1.673541104660491108e+00 4.099626626876371915e+00
1.680908816418898555e+00 1.699663397147709532e+00
1.688282534739096619e+00 5.582885474598647590e+00
1.695662676279098058e+00 3.182922244869999417e+00
1.703049660916436503e+00 7.829590151413370336e-01
1.710443911975005893e+00 4.666181092592275093e+00
1.717845856456823528e+00 2.266217862863626920e+00
1.725255925279080671e+00 6.149439940314564979e+00
1.732674553516870608e+00 3.749476710585888384e+00
1.740102180651993624e+00 1.349513480857240211e+00
1.747539250828258117e+00 5.232735558308178270e+00
1.754986213113719495e+00 2.832772328579530097e+00
1.762443521770312937e+00 4.328090988508819237e-01
1.769911636531365628e+00 4.316031176301805772e+00
1.777391022887491623e+00 1.916067946573157599e+00
1.784882152381406240e+00 5.799290024024095658e+00
1.792385502912216655e+00 3.399326794295419063e+00
1.799901559049783106e+00 9.993635645667708900e-01
1.807430812359772210e+00 4.882585642017708949e+00
1.814973761740064528e+00 2.482622412289060776e+00
1.822530913769210281e+00 8.265918256041260292e-02
1.830102783067673711e+00 3.965881260011322240e+00
1.837689892672648817e+00 1.565918030282674067e+00
1.845292774427273574e+00 5.449140107733612126e+00
1.852911969385127033e+00 3.049176878004963953e+00
1.860548028230943896e+00 6.492136482763157801e-01
1.868201511718544428e+00 4.532435725727253839e+00
1.875872991127039313e+00 2.132472495998577244e+00
1.883563048736441647e+00 6.015694573449543725e+00
1.891272278323891998e+00 3.615731343720867130e+00
1.899001285681785944e+00 1.215768113992190536e+00
1.906750689159176781e+00 5.098990191443157016e+00
1.914521120227931084e+00 2.699026961714480422e+00
1.922313224075210103e+00 2.990637319858606702e-01
1.930127660223968089e+00 4.182285809436770307e+00
1.937965103183276527e+00 1.782322579708122134e+00
1.945826243130423405e+00 5.665544657159060193e+00
1.953711786626873614e+00 3.265581427430412020e+00
1.961622457370338246e+00 8.656181977017638474e-01
1.969558996985374177e+00 4.748840275152673485e+00
1.977522165855118530e+00 2.348877045424025312e+00
1.985512743996968421e+00 6.232099122874963371e+00
1.993531531985243133e+00 3.832135893146315198e+00
2.001579351924106298e+00 1.432172663417638603e+00
2.009657048474292829e+00 5.315394740868605084e+00
2.017765489937488610e+00 2.915431511139928489e+00
2.025905569402516537e+00 5.154682814112518940e-01
2.034078205957849939e+00 4.398690358862218375e+00
2.042284345975363458e+00 1.998727129133541780e+00
2.050524964470649358e+00 5.881949206584508261e+00
2.058801066545710601e+00 3.481985976855831666e+00
2.067113688920362957e+00 1.082022747127183493e+00
2.075463901559250424e+00 4.965244824578121552e+00
2.083852809402018114e+00 2.565281594849444957e+00
2.092281554204907135e+00 1.653183651208252058e-01
2.100751316502798893e+00 4.048540442571734843e+00
2.109263317701634222e+00 1.648577212843058248e+00
2.117818822312095506e+00 5.531799290294024729e+00
2.126419140336516911e+00 3.131836060565348134e+00
2.135065629822223698e+00 7.318728308367283830e-01
2.143759699595829460e+00 4.615094908287638020e+00
2.152502812194567738e+00 2.215131678559018269e+00
2.161296487012415390e+00 6.098353756009927906e+00
2.170142303680710594e+00 3.698390526281308155e+00
2.179041905705106252e+00 1.298427296552631560e+00
2.187997004383159805e+00 5.181649374003598041e+00
2.197009383029614238e+00 2.781686144274921446e+00
2.206080901539555494e+00 3.817229145462448514e-01
2.215213501323194834e+00 4.264944991997154489e+00
2.224409210650062363e+00 1.864981762268534737e+00
2.233670150445032476e+00 5.748203839719501218e+00
2.242998540583871936e+00 3.348240609990824623e+00
2.252396706742072485e+00 9.482773802621480286e-01
2.261867087857684311e+00 4.831499457713057666e+00
2.271412244276901582e+00 2.431536227984381071e+00
2.281034866660417215e+00 3.157299825581816322e-02
2.290737785739329624e+00 3.914795075706727800e+00
2.300523983021863117e+00 1.514831845978051206e+00
2.310396602566743063e+00 5.398053923428960843e+00
2.320358963956116849e+00 2.998090693700284248e+00
2.330414576620895684e+00 5.981274639717213404e-01
2.340567155694973867e+00 4.481349541422630978e+00
2.350820639602614115e+00 2.081386311693954383e+00
2.361179209616340202e+00 5.964608389144864020e+00
2.371647311662051116e+00 3.564645159416244269e+00
2.382229680695159946e+00 1.164681929687624518e+00
2.392931368028172301e+00 5.047904007138534155e+00
2.403757772058433329e+00 2.647940777409857560e+00
2.414714672927665617e+00 2.479775476812378088e-01
2.425808271745982125e+00 4.131199625132147446e+00
2.437045235136948040e+00 1.731236395403527695e+00
2.448432746013039285e+00 5.614458472854437332e+00
2.459978561680308484e+00 3.214495243125760737e+00
2.471691080607621771e+00 8.145320133971409859e-01
2.483579419493122220e+00 4.697754090848050623e+00
2.495653502636951515e+00 2.297790861119374028e+00
2.507924166109421371e+00 6.181012938570340509e+00
2.520403279821438858e+00 3.781049708841720758e+00
2.533103891405433572e+00 1.381086479113044163e+00
2.546040396864899247e+00 5.264308556563953800e+00
2.559228744339916872e+00 2.864345326835277206e+00
2.572686679194755577e+00 4.643820971067142978e-01
2.586434041150006635e+00 4.347604174557623935e+00
2.600493127632647283e+00 1.947640944828947340e+00
2.614889142316769277e+00 5.830863022279856978e+00
2.629650754605657781e+00 3.430899792551180383e+00
2.644810805540892318e+00 1.030936562822503788e+00
2.660407209869122713e+00 4.914158640273527112e+00
2.676484125277062809e+00 2.514195410544850517e+00
2.693093492336993133e+00 1.142321808161739227e-01
2.710297099747204452e+00 3.997454258267083560e+00
2.728169411929961541e+00 1.597491028538463809e+00
2.746801533890031788e+00 5.480713105989430289e+00
2.766306927744905941e+00 3.080749876260753695e+00
2.786829930895505125e+00 6.807866465320770999e-01
2.808558961919890073e+00 4.564008723982986737e+00
2.831748013848165879e+00 2.164045494254366986e+00
2.856753842690331169e+00 6.047267571705333467e+00
2.884105644196307772e+00 3.647304341976656872e+00
