  +4.1800485051020694e-07 
  -1.9479251508101794e-07 
  -1.6547746713700866e-07 
  -2.1965160758297531e-08 
  -4.1614279400163386e-09 
  -9.5280143229589771e-10 
  -3.1661870490199555e-10 
  -6.1440932434914446e-11 
  -5.6926132647436198e-11 
  -2.5754720126333937e-11 
  +9.7708743110300799e-12 
  -8.9346143563596454e-12 
  +1.0905460925398831e-11 
  +2.3253972028092372e-12 
  -3.0646380972526071e-12 
  -1.9478810226539211e-07 
  +8.3685202045837802e-07 
  -4.9437409590344975e-08 
  +1.7774745468000589e-09 
  +1.9854756612270910e-10 
  -7.5599140766452408e-11 
  +3.7929422432574257e-11 
  +3.5636347056734422e-11 
  -6.0912612972819700e-11 
  -5.8166446776886889e-11 
  +3.6009634617763868e-11 
  -7.7380835575622030e-11 
  +1.1931252289463132e-10 
  +2.6732298985160803e-11 
  -5.6465557303170952e-12 
  -1.6547162824913424e-07 
  -4.9547862846865510e-08 
  +2.0236884850635318e-07 
  +1.6814988161130904e-08 
  +3.3200399214978604e-09 
  +1.5409288840781009e-09 
  -2.7907904826203422e-10 
  +3.8096661654003886e-10 
  -4.4000663135918042e-10 
  -2.6710629737879247e-10 
  +1.8918747941974975e-10 
  -1.5536043625226117e-10 
  +2.2204927974817869e-10 
  +4.8430017159045730e-11 
  -4.3281974564589400e-11 
  -2.1967564639210563e-08 
  +1.8202972696467449e-09 
  +1.6811480326342043e-08 
  +3.0626281818234869e-09 
  +6.4207974373448606e-10 
  +2.9682910894017036e-10 
  -5.3246636870457585e-11 
  +7.6024707688767223e-11 
  -8.7571226317868175e-11 
  -5.3865805472990455e-11 
  +3.8161114742793531e-11 
  -3.2816102445791622e-11 
  +4.7246385646498730e-11 
  +1.0329387460741373e-11 
  -8.6139532549792952e-12 
  -4.1578546864113647e-09 
  +1.3630116802689253e-10 
  +3.3271165105815923e-09 
  +6.4131300614416137e-10 
  +2.0474067817424782e-10 
  +1.0581401338328032e-10 
  -2.3130549596428479e-11 
  +2.8527487425197661e-11 
  -3.4039487445588871e-11 
  -2.0808987020870931e-11 
  +1.4669332937706122e-11 
  -1.2504775051115641e-11 
  +1.7960469992428840e-11 
  +3.9246857111413496e-12 
  -3.3358813566845476e-12 
  -9.3974404643733553e-10 
  -3.0307213270754443e-10 
  +1.5667721457221280e-09 
  +2.9403388908603633e-10 
  +1.0580421253711825e-10 
  +2.2729792739077220e-10 
  -1.2315040694249085e-10 
  +8.7167695003736907e-11 
  -1.2374547373873973e-10 
  -7.4476140602165881e-11 
  +5.1021230841740854e-11 
  -4.4060469536364350e-11 
  +6.2998965094363141e-11 
  +1.3760466669496950e-11 
  -1.1717252010110951e-11 
  -3.2586356062741431e-10 
  +1.9901403529066719e-10 
  -2.9733712267110012e-10 
  -5.1283795090812278e-11 
  -2.3099496570701518e-11 
  -1.2306229006654322e-10 
  +8.7222109010085238e-11 
  -5.3192244492500683e-11 
  +8.0098196152374377e-11 
  +4.7976221622621001e-11 
  -3.2589252534781283e-11 
  +2.8244803717347294e-11 
  -4.0329899664045782e-11 
  -8.8077778060686588e-12 
  +7.5071951927536004e-12 
  -5.1647536040605427e-11 
  -1.3508568869505845e-10 
  +4.0020282094370490e-10 
  +7.3988715533944875e-11 
  +2.8430207312187985e-11 
  +8.6839075601031536e-11 
  -5.3025666318480494e-11 
  +3.6407518108112618e-11 
  -5.1768378012003127e-11 
  -3.1151566268879378e-11 
  +2.1341009069773862e-11 
  -1.8412368728702616e-11 
  +2.6321422399752993e-11 
  +5.7489298649594755e-12 
  -4.9037510146341290e-12 
  -7.1193257583344610e-11 
  +1.8779361330607566e-10 
  -4.6803472954621726e-10 
  -8.4603281121704813e-11 
  -3.3900578256392125e-11 
  -1.2327700401143982e-10 
  +7.9862792168112613e-11 
  -5.1776078187992432e-11 
  +7.6297277351583835e-11 
  +4.5763155736367701e-11 
  -3.1141280458864975e-11 
  +2.6948140190681943e-11 
  -3.8485908103651829e-11 
  -8.4050731503057572e-12 
  +7.1714148943378336e-12 
  -3.5540251977684552e-11 
  +1.1242767712037051e-10 
  -2.8631487151856996e-10 
  -5.1836463209723843e-11 
  -2.0704330981393050e-11 
  -7.4120546495095375e-11 
  +4.7790491806166932e-11 
  -3.1131136542401227e-11 
  +4.5725699502697703e-11 
  +2.7448219112933546e-11 
  -1.8673905682854631e-11 
  +1.6161885685876093e-11 
  -2.3078671617234588e-11 
  -5.0401635203734959e-12 
  +4.3015145037561667e-12 
  +1.6308411408788219e-11 
  -7.7960940080597436e-11 
  +2.0202074817870638e-10 
  +3.6805196988757116e-11 
  +1.4599638254580629e-11 
  +5.0784483848724617e-11 
  -3.2465749673102844e-11 
  +2.1327974624196360e-11 
  -3.1117151524398608e-11 
  -1.8674519474741384e-11 
  +1.2763184682574018e-11 
  -1.1015785206655044e-11 
  +1.5745204260158640e-11 
  +3.4388792302958380e-12 
  -2.9339448728411777e-12 
  -1.7158729456001483e-11 
  +6.6008807716387876e-11 
  -1.7148262220570086e-10 
  -3.1119378555968641e-11 
  -1.2403724369962531e-11 
  -4.3713767430434211e-11 
  +2.8054832481226733e-11 
  -1.8359311585598306e-11 
  +2.6864379670224971e-11 
  +1.6126027246069463e-11 
  -1.0991312977979026e-11 
  +9.5059846733104651e-12 
  -1.3573336081234420e-11 
  -2.9642393684848653e-12 
  +2.5308909531750169e-12 
  +2.3173193261518732e-11 
  -9.4580438515756113e-11 
  +2.4609608348884296e-10 
  +4.4716370015596116e-11 
  +1.7808322307616051e-11 
  +6.2476635243261271e-11 
  -4.0042869013915892e-11 
  +2.6238406658324785e-11 
  -3.8355324231211909e-11 
  -2.3021313916171340e-11 
  +1.5706115125218811e-11 
  -1.3570084894124535e-11 
  +1.9388017588214996e-11 
  +4.2344661717040448e-12 
  -3.6143912122010213e-12 
  +5.0429672891650018e-12 
  -2.0649862887825164e-11 
  +5.3756652310069418e-11 
  +9.7690391947343509e-12 
  +3.8908249917653962e-12 
  +1.3644186643636945e-11 
  -8.7437888671391742e-12 
  +5.7301106280492721e-12 
  -8.3755203612308170e-12 
  -5.0270284451781030e-12 
  +3.4299334646781876e-12 
  -2.9631585331523856e-12 
  +4.2339282330936324e-12 
  +9.2480653498659676e-13 
  -7.8922623765829120e-13 
  -4.3996032684110309e-12 
  +1.7626676942267830e-11 
  -4.5901959465576176e-11 
  -8.3373089646600666e-12 
  -3.3213016499933597e-12 
  -1.1667636416069463e-11 
  +7.4810754118366444e-12 
  -4.9001354581252186e-12 
  +7.1650980788064997e-12 
  +4.3006866821981083e-12 
  -2.9333080857408448e-12 
  +2.5350871157281816e-12 
  -3.6211782792233923e-12 
  -7.9078825883225078e-13 
  +6.7523517677296329e-13 
