  +0.0000000000000000e+00 
  +0.0000000000000000e+00 
  +0.0000000000000000e+00 
  +0.0000000000000000e+00 
  +0.0000000000000000e+00 
  +0.0000000000000000e+00 
  +0.0000000000000000e+00 
  +0.0000000000000000e+00 
  +0.0000000000000000e+00 
  +0.0000000000000000e+00 
  +0.0000000000000000e+00 
  +0.0000000000000000e+00 
  +0.0000000000000000e+00 
  +0.0000000000000000e+00 
  +0.0000000000000000e+00 
  +0.0000000000000000e+00 
  +5.7119617679095562e-04 
  -7.3280118083116722e-06 
  -1.2369611203595317e-08 
  -5.5826291513778086e-09 
  -1.0735025929676664e-09 
  -8.0802432793992850e-11 
  -8.2268083040367373e-11 
  -1.6001275540469607e-11 
  -3.6191427871378797e-12 
  -4.2324310939657988e-12 
  -1.0079180605641828e-12 
  -1.9600036897625006e-13 
  -5.0964409461751716e-14 
  -2.7455276787158634e-14 
  +0.0000000000000000e+00 
  -7.3280118082998069e-06 
  +5.2256729277620878e-06 
  -3.5099275303082305e-08 
  +2.5454660617266760e-09 
  +6.7236539728658269e-10 
  +1.9152885593325629e-10 
  +5.8118936507095476e-11 
  +1.8607428682896457e-11 
  +6.1503276771318815e-12 
  +1.9346134593314063e-12 
  +6.2981864344641569e-13 
  +1.9676968745043717e-13 
  +6.3008624983045577e-14 
  +1.8118762807292465e-14 
  +0.0000000000000000e+00 
  -1.2369611213779397e-08 
  -3.5099275303800550e-08 
  +1.0374569767813457e-07 
  +6.8390768939124286e-09 
  +1.2917857399913987e-10 
  +3.9380141098393419e-11 
  +1.1738424333806640e-11 
  +3.9159111243277375e-12 
  +1.3025631865557514e-12 
  +4.2617164633488689e-13 
  +1.4046156455792349e-13 
  +4.7872869936724851e-14 
  +1.5610755195889797e-14 
  +4.5418258432304957e-15 
  +0.0000000000000000e+00 
  -5.5826291420961936e-09 
  +2.5454660634432321e-09 
  +6.8390768998524704e-09 
  +2.3042806086588579e-08 
  -1.6182570789787321e-10 
  +1.2225343300538838e-11 
  +3.9376276144501775e-12 
  +1.3520340383658902e-12 
  +4.4730341820062886e-13 
  +1.4986101776802321e-13 
  +4.8684744262323437e-14 
  +1.6744726889658886e-14 
  +5.3919100930420035e-15 
  +1.6991110835915828e-15 
  +0.0000000000000000e+00 
  -1.0735025821807190e-09 
  +6.7236539717044230e-10 
  +1.2917857260708635e-10 
  -1.6182571042298627e-10 
  +5.6460875491234825e-09 
  -3.1276423383144511e-10 
  +2.0358023454074823e-12 
  +5.2179708909627854e-13 
  +2.1360967930010945e-13 
  +6.8815317378305209e-14 
  +2.2742105696746213e-14 
  +7.9388653528478948e-15 
  +2.6705805259319713e-15 
  +8.1019376512242458e-16 
  +0.0000000000000000e+00 
  -8.0802435783867922e-11 
  +1.9152885848344810e-10 
  +3.9380140188603100e-11 
  +1.2225342378328079e-11 
  -3.1276423374170785e-10 
  +5.3931151018919862e-10 
  +3.5551326129784521e-11 
  +3.6028162478079662e-13 
  +1.2398284452327801e-13 
  +4.1969323949654353e-14 
  +1.2975277946253323e-14 
  +5.0474237900548199e-15 
  +1.5562782532979819e-15 
  +4.9986817180073142e-16 
  +0.0000000000000000e+00 
  -8.2268082918447232e-11 
  +5.8118935553683671e-11 
  +1.1738422982604793e-11 
  +3.9376254146943601e-12 
  +2.0358007616886254e-12 
  +3.5551326431838536e-11 
  +7.6253579260707903e-11 
  +1.7601138434446629e-11 
  +8.6383354604101019e-14 
  +2.9339304079144840e-14 
  +9.7797226916764759e-15 
  +4.0540991594259446e-15 
  +9.0675469628740930e-16 
  +2.0459279672974169e-16 
  +0.0000000000000000e+00 
  -1.6001268348354628e-11 
  +1.8607428352866066e-11 
  +3.9159171517537785e-12 
  +1.3520304590295659e-12 
  +5.2179711266938765e-13 
  +3.6028044781705846e-13 
  +1.7601142987506199e-11 
  -4.2404324061181702e-11 
  +8.6665618074849716e-12 
  +1.9810467004621334e-14 
  +6.4023728021242685e-15 
  +2.5335822216542496e-15 
  +7.1027385773199689e-16 
  +3.0195346534028094e-16 
  +0.0000000000000000e+00 
  -3.6191475556865381e-12 
  +6.1503261532853985e-12 
  +1.3025607877245461e-12 
  +4.4730168540769999e-13 
  +2.1360567845073005e-13 
  +1.2398182947772887e-13 
  +8.6386209880254031e-14 
  +8.6665611185989586e-12 
  -1.7801445927740922e-12 
  +1.7758347225163876e-12 
  +6.6848830135444579e-15 
  +1.7949056679407739e-15 
  +5.8867151313613120e-16 
  +1.5125133807267850e-16 
  +0.0000000000000000e+00 
  -4.2324220249766566e-12 
  +1.9346109869734096e-12 
  +4.2617276461319284e-13 
  +1.4985868352587129e-13 
  +6.8815698740902310e-14 
  +4.1969342881116240e-14 
  +2.9338190233952348e-14 
  +1.9806791239098303e-14 
  +1.7758327028393151e-12 
  -8.5075384980980519e-13 
  +8.2391036513121788e-13 
  +1.5251982720736342e-15 
  +5.1815677453846629e-16 
  +1.0790452520087125e-16 
  +0.0000000000000000e+00 
  -1.0079284646385487e-12 
  +6.2981861047044526e-13 
  +1.4046297936189486e-13 
  +4.8683871283051640e-14 
  +2.2741409233981043e-14 
  +1.2976880258449900e-14 
  +9.7799136796839477e-15 
  +6.4049156963047995e-15 
  +6.6825152223480623e-15 
  +8.2390761025092672e-13 
  -4.6920289221606748e-13 
  -5.5971499764365668e-15 
  +4.8667956256531111e-16 
  +1.7476260527105522e-16 
  +0.0000000000000000e+00 
  -1.9600614697211856e-13 
  +1.9677101770946807e-13 
  +4.7870434780778186e-14 
  +1.6746128169922798e-14 
  +7.9360911910274966e-15 
  +5.0451539066653300e-15 
  +4.0527043715615365e-15 
  +2.5341206648923423e-15 
  +1.7942635674925767e-15 
  +1.5287054592428702e-15 
  -5.6012308311391912e-15 
  +4.4828143759795428e-15 
  +1.3800672733450567e-15 
  +8.5663034034246901e-17 
  +0.0000000000000000e+00 
  -5.0976402796660794e-14 
  +6.3006483512109854e-14 
  +1.5610935457590192e-14 
  +5.3925450509492361e-15 
  +2.6685196618516777e-15 
  +1.5582611189979246e-15 
  +9.0602900122637444e-16 
  +7.1357098654806616e-16 
  +5.8511316520750866e-16 
  +5.1711806358790867e-16 
  +4.8909904249986400e-16 
  +1.3779350466346418e-15 
  +1.7183807347864973e-14 
  -4.2721945994165051e-14 
  +0.0000000000000000e+00 
  -2.7461372732242411e-14 
  +1.8117128180649030e-14 
  +4.5438175347538890e-15 
  +1.6920478766373204e-15 
  +8.1070664340511398e-16 
  +5.0050714142352844e-16 
  +2.0459982753085008e-16 
  +3.0179349742123710e-16 
  +1.5570601660935585e-16 
  +1.0663719122987706e-16 
  +1.7345440801338805e-16 
  +8.7862686622818101e-17 
  -4.2723196931047882e-14 
  +1.2600602546871499e-13 
