4.297681161813549089e-02 4.043934004206768407e+00
7.444948544400298296e-02 1.643970774478319186e+00
9.612868492409387677e-02 5.527192851929001449e+00
1.137585348837288901e-01 3.127229622200552228e+00
1.290099602621561647e-01 7.272663924716482597e-01
1.426479029644369678e-01 4.610488469922785271e+00
1.550985840618013256e-01 2.210525240193881302e+00
1.666283677156894516e-01 6.093747317645018313e+00
1.774168934584205992e-01 3.693784087916569092e+00
1.875921045036346158e-01 1.293820858187665124e+00
1.972489470755078855e-01 5.177042935638802135e+00
2.064601798782310649e-01 2.777079705909898166e+00
2.152830169317991871e-01 3.771164761814489452e-01
2.237634132084314054e-01 4.260338553632131209e+00
2.319389412637002934e-01 1.860375323903454614e+00
2.398407867815604000e-01 5.743597401354364251e+00
2.474951719947151574e-01 3.343634171625687657e+00
2.549243955265920736e-01 9.436709418970110619e-01
2.621476078931881393e-01 4.826893019348148073e+00
2.691814004275183692e-01 2.426929789619471478e+00
2.760402597193649665e-01 2.696655989079488336e-02
2.827369233004601856e-01 3.910188637341704521e+00
2.892826616009498419e-01 1.510225407613027926e+00
2.956875040366750973e-01 5.393447485063937563e+00
3.019604221888660955e-01 2.993484255335260968e+00
3.081094796273073921e-01 5.935210256068117474e-01
3.141419555128672769e-01 4.476743103057494011e+00
3.200644473784721722e-01 2.076779873329044790e+00
3.258829572210388825e-01 5.960001950779727053e+00
3.316029641012254725e-01 3.560038721051277832e+00
3.372294857484525732e-01 1.160075491322601238e+00
3.427671311400497522e-01 5.043297568773510875e+00
3.482201456198343870e-01 2.643334339044834280e+00
3.535924498103946156e-01 2.433711093161576855e-01
3.588876733315262690e-01 4.126593186767294696e+00
3.641091841476931101e-01 1.726629957038390728e+00
3.692601142176228368e-01 5.609852034489527739e+00
3.743433819999806289e-01 3.209888804760623771e+00
3.793617122735897240e-01 8.099255750321745495e-01
3.843176536537020738e-01 4.693147652482856813e+00
3.892135941233827445e-01 2.293184422754407592e+00
3.940517748481302540e-01 6.176406500205317229e+00
3.988343025000831155e-01 3.776443270476640635e+00
4.035631602837213006e-01 1.376480040748191414e+00
4.082402178264303849e-01 5.259702118198873677e+00
4.128672400735549086e-01 2.859738888470424456e+00
4.174458953077126999e-01 4.597756587415204876e-01
4.219777623954803492e-01 4.342997736192657499e+00
4.264643373505050405e-01 1.943034506463753530e+00
4.309070392902336621e-01 5.826256583914890541e+00
4.353072158533339842e-01 3.426293354185986573e+00
4.396661481363084434e-01 1.026330124457537352e+00
4.439850552004329653e-01 4.909552201908674363e+00
4.482650981938580692e-01 2.509588972179770394e+00
4.525073841282776232e-01 1.096257424513211731e-01
4.567129693448905847e-01 3.992847819902003437e+00
4.608828627003351830e-01 1.592884590173554216e+00
4.650180284997511571e-01 5.476106667624236479e+00
4.691193892010692146e-01 3.076143437895787258e+00
4.731878279119667852e-01 6.761802081668832898e-01
4.772241906985801307e-01 4.559402285618020301e+00
4.812292887230376071e-01 2.159439055889571080e+00
4.852039002250629895e-01 6.042661133340253343e+00
4.891487723613332506e-01 3.642697903611804122e+00
4.930646229148667459e-01 1.242734673882900154e+00
4.969521418854936368e-01 5.125956751334037165e+00
5.008119929713601426e-01 2.725993521605133196e+00
5.046448149504545455e-01 3.260302918766839753e-01
5.084512229702773389e-01 4.209252369327366239e+00
5.122318097530049741e-01 1.809289139598917018e+00
5.159871467228227537e-01 5.692511217049599281e+00
5.197177850614762562e-01 3.292547987321150060e+00
5.234242566975513267e-01 8.925847575927008393e-01
5.271070752344930721e-01 4.775806835043383103e+00
5.307667368219421977e-01 2.375843605314933882e+00
5.344037209745542416e-01 6.259065682765616145e+00
5.380184913421262038e-01 3.859102453037166924e+00
5.416114964345144500e-01 1.459139223308262956e+00
5.451831703045542099e-01 5.342361300759399967e+00
5.487339331919032226e-01 2.942398071030495998e+00
5.522641921305222468e-01 5.424348413020467774e-01
5.557743415222566874e-01 4.425656918752729041e+00
5.592647636788110610e-01 2.025693689024279820e+00
5.627358293342155093e-01 5.908915766475416831e+00
5.661878981297228108e-01 3.508952536746512862e+00
5.696213190729304543e-01 1.108989307018063641e+00
5.730364309727762340e-01 4.992211384468745905e+00
5.764335628519453580e-01 2.592248154740296684e+00
5.798130343381003859e-01 1.922849250113927155e-01
5.831751560352496089e-01 4.075507002462529726e+00
5.865202298764735644e-01 1.675543772733625758e+00
5.898485494591376721e-01 5.558765850184762769e+00
5.931604003636427036e-01 3.158802620456086174e+00
5.964560604566927493e-01 7.588393907274095795e-01
5.997358001799849569e-01 4.642061468178546590e+00
6.029998828251730281e-01 2.242098238449642622e+00
6.062485647958886226e-01 6.125320315900779633e+00
6.094820958575625225e-01 3.725357086171875665e+00
6.127007193757276760e-01 1.325393856443426444e+00
6.159046725434486058e-01 5.208615933894108707e+00
6.190941865984790349e-01 2.808652704165659486e+00
6.222694870307039494e-01 4.086894744369828913e-01
6.254307937803976758e-01 4.291911551887892529e+00
6.285783214277844699e-01 1.891948322159215934e+00
6.317122793743686904e-01 5.775170399610125571e+00
6.348328720164609917e-01 3.375207169881676350e+00
6.379402989113134304e-01 9.752439401527723817e-01
6.410347549362391817e-01 4.858466017603909393e+00
6.441164304410772479e-01 2.458502787875005424e+00
6.471855113943411064e-01 5.853955814655620316e-02
6.502421795233642721e-01 3.941761635597465840e+00
6.532866124487438642e-01 1.541798405868789246e+00
6.563189838133636211e-01 5.425020483319698883e+00
6.593394634062583748e-01 3.025057253591022288e+00
6.623482172815710056e-01 6.250940238623456935e-01
6.653454078728390231e-01 4.508316101313255331e+00
6.683311941028299286e-01 2.108352871584806110e+00
6.713057314891373029e-01 5.991574949035715747e+00
6.742691722457357928e-01 3.591611719307039152e+00
6.772216653806801823e-01 1.191648489578362557e+00
6.801633567901299582e-01 5.074870567029272195e+00
6.830943893488619079e-01 2.674907337300595600e+00
6.860149029974340618e-01 2.749441075719190053e-01
6.889250348261481971e-01 4.158166185022828643e+00
6.918249191559543432e-01 1.758202955294152048e+00
6.947146876164335128e-01 5.641425032745061685e+00
6.975944692209835596e-01 3.241461803016612464e+00
7.004643904393330622e-01 8.414985732879358693e-01
7.033245752674962548e-01 4.724720650738845507e+00
7.061751452952789165e-01 2.324757421010168912e+00
7.090162197714385828e-01 6.207979498461078549e+00
7.118479156666006613e-01 3.808016268732401954e+00
7.146703477340199395e-01 1.408053039003725360e+00
7.174836285682797410e-01 5.291275116454634997e+00
7.202878686620136639e-01 2.891311886725958402e+00
7.230831764607291712e-01 4.913486569975091811e-01
7.258696584158104148e-01 4.374570734448418818e+00
7.286474190357755676e-01 1.974607504719742224e+00
7.314165609358556086e-01 5.857829582170651861e+00
7.341771848859628413e-01 3.457866352441975266e+00
7.369293898571127599e-01 1.057903122713298671e+00
7.396732730663581057e-01 4.941125200164208309e+00
7.424089300202955100e-01 2.541161970435531714e+00
7.451364545571963482e-01 1.411987407068551192e-01
7.478559388878196490e-01 4.024420818157992130e+00
7.505674736349505771e-01 1.624457588429088162e+00
7.532711478717183384e-01 5.507679665880225173e+00
7.559670491587366925e-01 3.107716436151548578e+00
7.586552635801107058e-01 7.077532064228719832e-01
7.613358757783528219e-01 4.590975283873781621e+00
7.640089689882484381e-01 2.191012054145105026e+00
7.666746250697079601e-01 6.074234131596014663e+00
7.693329245396435256e-01 3.674270901867338068e+00
7.719839466029048136e-01 1.274307672138888847e+00
7.746277691823083567e-01 5.157529749589571111e+00
7.772644689477905544e-01 2.757566519861121890e+00
7.798941213447202481e-01 3.576032901322179214e-01
7.825168006213927274e-01 4.240825367583354932e+00
7.851325798557425850e-01 1.840862137854678338e+00
7.877415309812937361e-01 5.724084215305587975e+00
7.903437248123813541e-01 3.324120985577138754e+00
7.929392310686631529e-01 9.241577558482347854e-01
7.955281183989492133e-01 4.807379833299371796e+00
7.981104544043721161e-01 2.407416603570467828e+00
8.006863056609185847e-01 7.453373842018606865e-03
8.032557377413449551e-01 3.890675451292700870e+00
8.058188152364952339e-01 1.490712221564251649e+00
8.083756017760465040e-01 5.373934299014933913e+00
8.109261600486918908e-01 2.973971069286484692e+00
8.134705518217892894e-01 5.740078395580354709e-01
8.160088379604852893e-01 4.457229917008717734e+00
8.185410784463347245e-01 2.057266687280268513e+00
8.210673323954323921e-01 5.940488764730950777e+00
8.235876580760715937e-01 3.540525535002501556e+00
8.261021129259434881e-01 1.140562305273597588e+00
8.286107535688940207e-01 5.023784382724734598e+00
8.311136358312509742e-01 2.623821152995830630e+00
8.336108147577335759e-01 2.238579232673814090e-01
8.361023446269602033e-01 4.107080000718063673e+00
8.385882789665644044e-01 1.707116770989614452e+00
8.410686705679302211e-01 5.590338848440751462e+00
8.435435715005645818e-01 3.190375618711847494e+00
8.460130331261079828e-01 7.904123889833982730e-01
8.484771061120029989e-01 4.673634466434080537e+00
8.509358404448265079e-01 2.273671236705631316e+00
8.533892854432973962e-01 6.156893314156313579e+00
8.558374897709668527e-01 3.756930084427864358e+00
8.582805014486044604e-01 1.356966854698960390e+00
8.607183678662867488e-01 5.240188932150097401e+00
8.631511357951949792e-01 2.840225702421648180e+00
8.655788513991359290e-01 4.402624726927442111e-01
8.680015602457877844e-01 4.323484550143881222e+00
8.704193073176837991e-01 1.923521320414977254e+00
8.728321370229370491e-01 5.806743397866114265e+00
8.752400932057182725e-01 3.406780168137210296e+00
8.776432191564890184e-01 1.006816938408761075e+00
8.800415576220009806e-01 4.890039015859443339e+00
8.824351508150648504e-01 2.490075786130994118e+00
8.848240404240976797e-01 9.011255640209014928e-02
8.872082676224535280e-01 3.973334633853227160e+00
8.895878730775432786e-01 1.573371404124777939e+00
8.919628969597506174e-01 5.456593481575460203e+00
8.943333789511480614e-01 3.056630251847010982e+00
8.966993582540192520e-01 6.566670221181070133e-01
8.990608735991940659e-01 4.539889099569244024e+00
9.014179632541993170e-01 2.139925869840340056e+00
9.037706650312301582e-01 6.023147947291477067e+00
9.061190162949508409e-01 3.623184717562573098e+00
9.084630539701225027e-01 1.223221487834123877e+00
9.108028145490695282e-01 5.106443565285033515e+00
9.131383340989840391e-01 2.706480335556356920e+00
9.154696482690738435e-01 3.065171058279076988e-01
9.177967922975598380e-01 4.189739183278589962e+00
9.201198010185247522e-01 1.789775953550140741e+00
9.224387088686170078e-01 5.672998031000823005e+00
9.247535498936141352e-01 3.273034801272373784e+00
9.270643577548504100e-01 8.730715715436971891e-01
9.293711657355092637e-01 4.756293648994606826e+00
9.316740067467865760e-01 2.356330419265930232e+00
9.339729133339275124e-01 6.239552496716839869e+00
9.362679176821381288e-01 3.839589266988163274e+00
9.385590516223782931e-01 1.439626037259486679e+00
9.408463466370362571e-01 5.322848114710396317e+00
9.431298338654873215e-01 2.922884884981719722e+00
9.454095441095434760e-01 5.229216552530431272e-01
9.476855078387905751e-01 4.406143732703952764e+00
9.499577551958221511e-01 2.006180502975503543e+00
9.522263160013675343e-01 5.889402580426413181e+00
9.544912197593193870e-01 3.489439350697736586e+00
9.567524956616613174e-01 1.089476120969059991e+00
9.590101725933016796e-01 4.972698198419969629e+00
9.612642791368082307e-01 2.572734968691293034e+00
9.635148435770576336e-01 1.727717389626164390e-01
9.657618939057882601e-01 4.055993816413526076e+00
9.680054578260705034e-01 1.656030586684849482e+00
9.702455627566883845e-01 5.539252664135986493e+00
9.724822358364398900e-01 3.139289434407309898e+00
9.747155039283523781e-01 7.393262046786333030e-01
9.769453936238230440e-01 4.622548282129542940e+00
9.791719312466764524e-01 2.222585052400866346e+00
9.813951428571491276e-01 6.105807129851775983e+00
9.836150542557992038e-01 3.705843900123099388e+00
9.858316909873429124e-01 1.305880670394422793e+00
9.880450783444189033e-01 5.189102747845559804e+00
9.902552413712863988e-01 2.789139518116883210e+00
9.924622048674527353e-01 3.891762883882066149e-01
9.946659933912349594e-01 4.272398365839116252e+00
9.968666312632573634e-01 1.872435136110439657e+00
9.990641425698855160e-01 5.755657213561349295e+00
1.001258551166597677e+00 3.355693983832672700e+00
1.003449880681295703e+00 9.557307541039961052e-01
1.005638154517557670e+00 4.838952831554905742e+00
1.007823395857831095e+00 2.438989601826456521e+00
1.010005627666570538e+00 3.902637209777992666e-02
1.012184872693319138e+00 3.922248449548689564e+00
1.014361153475735522e+00 1.522285219820012969e+00
1.016534492342568541e+00 5.405507297270922606e+00
1.018704911416579595e+00 3.005544067542246012e+00
1.020872432617413894e+00 6.055808378135694170e-01
1.023037077664422645e+00 4.488802915264479054e+00
1.025198868079434611e+00 2.088839685535802460e+00
1.027357825189482821e+00 5.972061762986939470e+00
1.029513970129482647e+00 3.572098533258262876e+00
1.031667323844864592e+00 1.172135303529586281e+00
1.033817907094162658e+00 5.055357380980495918e+00
1.035965740451558093e+00 2.655394151251819324e+00
1.038110844309382275e+00 2.554309215231427288e-01
1.040253238880574083e+00 4.138652998974052366e+00
1.042392944201100180e+00 1.738689769245375771e+00
1.044529980132332003e+00 5.621911846696285409e+00
1.046664366363384335e+00 3.221948616967836188e+00
1.048796122413415688e+00 8.219853872391595928e-01
1.050925267633889826e+00 4.705207464690069230e+00
1.053051821210801098e+00 2.305244234961392635e+00
1.055175802166862464e+00 6.188466312412302273e+00
1.057297229363658886e+00 3.788503082683625678e+00
1.059416121503765851e+00 1.388539852954949083e+00
1.061532497132831487e+00 5.271761930405858720e+00
1.063646374641629144e+00 2.871798700677182126e+00
1.065757772268072445e+00 4.718354709485055309e-01
1.067866708099202366e+00 4.355057548399528855e+00
1.069973200073139896e+00 1.955094318670852260e+00
1.072077265981008942e+00 5.838316396121761898e+00
1.074178923468828595e+00 3.438353166393198990e+00
1.076278190039376081e+00 1.038389936664522395e+00
1.078375083054019079e+00 4.921612014115432032e+00
1.080469619734521602e+00 2.521648784386755437e+00
1.082561817164820139e+00 1.216855546580788427e-01
1.084651692292772918e+00 4.004907632108988480e+00
1.086739261931881417e+00 1.604944402380311885e+00
1.088824542762987457e+00 5.488166479831221523e+00
1.090907551335941861e+00 3.088203250102658615e+00
1.092988304071248029e+00 6.882400203740957068e-01
1.095066817261683090e+00 4.571462097825005344e+00
1.097143107073890844e+00 2.171498868096328749e+00
1.099217189549953400e+00 6.054720945547238387e+00
1.101289080608937043e+00 3.654757715818561792e+00
1.103358796048417689e+00 1.254794486089885197e+00
1.105426351545980568e+00 5.138016563540794834e+00
1.107491762660699264e+00 2.738053333812118240e+00
1.109555044834593218e+00 3.380901040834416449e-01
1.111616213394062358e+00 4.221312181534578656e+00
1.113675283551301520e+00 1.821348951805902061e+00
1.115732270405694448e+00 5.704571029256811698e+00
1.117787188945186028e+00 3.304607799528135104e+00
1.119840054047636091e+00 9.046445697994585089e-01
1.121890880482153241e+00 4.787866647250368146e+00
1.123939682910408688e+00 2.387903417521691551e+00
1.125986475887931437e+00 6.271125494972601189e+00
1.128031273865386597e+00 3.871162265243924594e+00
1.130074091189831931e+00 1.471199035515247999e+00
1.132114942105960198e+00 5.354421112966157636e+00
1.134153840757321507e+00 2.954457883237708415e+00
1.136190801187529464e+00 5.544946535090318207e-01
1.138225837341449997e+00 4.437716730959941458e+00
1.140258963066373754e+00 2.037753501231264863e+00
1.142290192113171621e+00 5.920975578682174500e+00
1.144319538137434478e+00 3.521012348953497906e+00
1.146347014700597855e+00 1.121049119224821311e+00
1.148372635271049491e+00 5.004271196675730948e+00
1.150396413225223124e+00 2.604307966947054354e+00
1.152418361848676076e+00 2.043447372184914457e-01
1.154438494337153731e+00 4.087566814669401083e+00
1.156456823797637146e+00 1.687603584940838175e+00
1.158473363249379107e+00 5.570825662391747812e+00
1.160488125624923983e+00 3.170862432663071218e+00
1.162501123771115363e+00 7.708992029343946228e-01
1.164512370450088818e+00 4.654121280385304260e+00
1.166521878340253338e+00 2.254158050656627665e+00
1.168529660037257445e+00 6.137380128107650989e+00
1.170535728054943769e+00 3.737416898378974395e+00
1.172540094826290957e+00 1.337453668650297800e+00
1.174542772704343818e+00 5.220675746101207437e+00
1.176543773963128148e+00 2.820712516372530843e+00
1.178543110798558669e+00 4.207492866439679347e-01
1.180540795329330983e+00 4.303971364094877572e+00
1.182536839597802869e+00 1.904008134366200977e+00
1.184531255570865804e+00 5.787230211817110614e+00
1.186524055140803613e+00 3.387266982088547707e+00
1.188515250126140677e+00 9.873037523598711118e-01
1.190504852272479042e+00 4.870525829810780749e+00
1.192492873253325314e+00 2.470562600082104154e+00
1.194479324670907117e+00 7.059937035342755962e-02
1.196464218056978224e+00 3.953821447804337197e+00
1.198447564873614812e+00 1.553858218075774289e+00
1.200429376514001278e+00 5.437080295526683926e+00
1.202409664303205172e+00 3.037117065798007332e+00
1.204388439498945029e+00 6.371538360694444236e-01
1.206365713292345987e+00 4.520375913520354061e+00
1.208341496808686966e+00 2.120412683791677466e+00
1.210315801108140299e+00 6.003634761242587103e+00
1.212288637186499374e+00 3.603671531513910509e+00
1.214260015975899609e+00 1.203708301785233914e+00
1.216229948345530110e+00 5.086930379236143551e+00
1.218198445102335992e+00 2.686967149507466956e+00
1.220165516991712940e+00 2.870039197790177354e-01
1.222131174698193989e+00 4.170225997229927373e+00
1.224095428846126099e+00 1.770262767501250778e+00
1.226058290000340723e+00 5.653484844952160415e+00
1.228019768666815503e+00 3.253521615223483821e+00
1.229979875293328417e+00 8.535583854948072258e-01
1.231938620270103035e+00 4.736780462945716863e+00
1.233896013930448676e+00 2.336817233217040268e+00
1.235852066551390127e+00 6.220039310667949906e+00
1.237806788354292920e+00 3.820076080939273311e+00
1.239760189505478616e+00 1.420112851210824090e+00
1.241712280116834988e+00 5.303334928661733727e+00
1.243663070246418645e+00 2.903371698933057132e+00
1.245612569899050115e+00 5.034084692043805376e-01
1.247560789026903150e+00 4.386630546655290175e+00
1.249507737530086260e+00 1.986667316926613580e+00
1.251453425257218255e+00 5.869889394377523217e+00
1.253397862005998231e+00 3.469926164648846623e+00
1.255341057523766457e+00 1.069962934920170028e+00
1.257283021508062593e+00 4.953185012371079665e+00
1.259223763607174584e+00 2.553221782642516757e+00
1.261163293420683118e+00 1.532585529139538494e-01
1.263101620499999189e+00 4.036480630364863487e+00
1.265038754348897898e+00 1.636517400636186892e+00
1.266974704424042253e+00 5.519739478087096529e+00
1.268909480135505863e+00 3.119776248358419934e+00
1.270843090847287193e+00 7.198130186297433397e-01
1.272775545877818271e+00 4.603035096080652977e+00
1.274706854500469611e+00 2.203071866351976382e+00
1.276637025944048265e+00 6.086293943802999706e+00
1.278566069393291205e+00 3.686330714074323112e+00
1.280493993989353374e+00 1.286367484345646517e+00
1.282420808830289527e+00 5.169589561796556154e+00
1.284346522971534066e+00 2.769626332067993246e+00
1.286271145426371332e+00 3.696631023393166515e-01
1.288194685166405673e+00 4.252885179790226289e+00
1.290117151122022854e+00 1.852921950061549694e+00
1.292038552182849465e+00 5.736144027512573018e+00
1.293958897198204783e+00 3.336180797783896423e+00
1.295878194977551967e+00 9.362175680552198287e-01
1.297796454290940371e+00 4.819439645506129466e+00
1.299713683869446523e+00 2.419476415777452871e+00
1.301629892405609112e+00 1.951318604888996333e-02
1.303545088553859976e+00 3.902735263499799601e+00
1.305459280930950872e+00 1.502772033771123006e+00
1.307372478116376247e+00 5.385994111222032643e+00
1.309284688652791573e+00 2.986030881493469735e+00
1.311195921046427237e+00 5.860676517647931405e-01
1.313106183767498436e+00 4.469289729215702778e+00
1.315015485250612626e+00 2.069326499487026183e+00
1.316923833895170981e+00 5.952548576937935820e+00
1.318831238065766076e+00 3.552585347209372912e+00
1.320737706092578456e+00 1.152622117480696318e+00
1.322643246271765216e+00 5.035844194931605955e+00
1.324547866865848800e+00 2.635880965202929360e+00
1.326451576104099805e+00 2.359177354742527655e-01
1.328354382182917126e+00 4.119139812925219246e+00
1.330256293266204093e+00 1.719176583196599495e+00
1.332157317485741732e+00 5.602398660647509132e+00
1.334057462941557803e+00 3.202435430918832537e+00
1.335956737702293173e+00 8.024722011901559426e-01
1.337855149805564414e+00 4.685694278641122423e+00
1.339752707258323738e+00 2.285731048912502672e+00
1.341649418037214048e+00 6.168953126363412309e+00
1.343545290088923760e+00 3.768989896634735715e+00
1.345440331330535200e+00 1.369026666906059120e+00
1.347334549649872093e+00 5.252248744357082444e+00
1.349227952905843075e+00 2.852285514628405849e+00
1.351120548928782972e+00 4.523222848997292544e-01
1.353012345520790083e+00 4.335544362350638892e+00
1.354903350456061473e+00 1.935581132621962297e+00
1.356793571481224703e+00 5.818803210072871934e+00
1.358683016315667791e+00 3.418839980344309026e+00
1.360571692651864062e+00 1.018876750615632432e+00
1.362459608155698110e+00 4.902098828066542069e+00
1.364346770466784653e+00 2.502135598337865474e+00
1.366233187198788501e+00 1.021723686092457228e-01
1.368118865939738971e+00 3.985394446060212204e+00
1.370003814252344521e+00 1.585431216331535609e+00
1.371888039674302062e+00 5.468653293782445246e+00
1.373771549718605600e+00 3.068690064053825495e+00
1.375654351873851766e+00 6.687268343251489000e-01
1.377536453604543576e+00 4.551948911776058537e+00
1.379417862351390189e+00 2.151985682047438786e+00
1.381298585531606671e+00 6.035207759498348423e+00
1.383178630539209308e+00 3.635244529769728672e+00
1.385058004745309157e+00 1.235281300041052077e+00
1.386936715498405359e+00 5.118503377491961714e+00
1.388814770124672471e+00 2.718540147763341963e+00
1.390692175928249119e+00 3.185769180347222118e-01
1.392568940191522664e+00 4.201798995485631849e+00
1.394445070175412305e+00 1.801835765756955254e+00
1.396320573119649522e+00 5.685057843207864892e+00
1.398195456243058077e+00 3.285094613479301984e+00
1.400069726743829790e+00 8.851313837506253890e-01
1.401943391799799210e+00 4.768353461201535026e+00
1.403816458568718062e+00 2.368390231472858432e+00
1.405688934188524808e+00 6.251612308923768069e+00
1.407560825777614433e+00 3.851649079195205161e+00
1.409432140435105341e+00 1.451685849466528566e+00
1.411302885241105587e+00 5.334907926917438203e+00
1.413173067256975113e+00 2.934944697188761609e+00
1.415042693525589090e+00 5.349814674600850140e-01
1.416911771071596826e+00 4.418203544911051495e+00
1.418780306901681554e+00 2.018240315182431743e+00
1.420648308004815563e+00 5.901462392633341381e+00
1.422515781352516218e+00 3.501499162904664786e+00
1.424382733899099529e+00 1.101535933175988191e+00
1.426249172581931512e+00 4.984758010626954672e+00
1.428115104321678652e+00 2.584794780898278077e+00
1.429980536022556592e+00 1.848315511696583258e-01
1.431845474572576826e+00 4.068053628620567963e+00
1.433709926843793836e+00 1.668090398891948212e+00
1.435573899692547784e+00 5.551312476342857849e+00
1.437437399959707651e+00 3.151349246614238098e+00
1.439300434470913270e+00 7.513860168855615029e-01
1.441163010036814462e+00 4.634608094336527984e+00
1.443025133453310405e+00 2.234644864607851389e+00
1.444886811501785884e+00 6.117866942058761026e+00
1.446748050949348441e+00 3.717903712330141275e+00
1.448608858549061518e+00 1.317940482601464680e+00
1.450469241040179158e+00 5.201162560052402739e+00
1.452329205148377822e+00 2.801199330323754566e+00
1.454188757585985980e+00 4.012361005950779713e-01
1.456047905052215707e+00 4.284458178046044452e+00
1.457906654233390054e+00 1.884494948317367857e+00
1.459765011803170198e+00 5.767717025768334338e+00
1.461622984422782379e+00 3.367753796039657743e+00
1.463480578741241933e+00 9.677905663109811485e-01
1.465337801395578676e+00 4.851012643761947629e+00
1.467194659011058722e+00 2.451049414033271034e+00
1.469051158201406304e+00 5.108618430462286142e-02
1.470907305569025381e+00 3.934308261755560920e+00
1.472763107705218566e+00 1.534345032026912747e+00
1.474618571190406957e+00 5.417567109477822385e+00
1.476473702594346626e+00 3.017603879749174212e+00
1.478328508476347336e+00 6.176406500205260386e-01
1.480182995385486810e+00 4.500862727471464098e+00
1.482037169860826786e+00 2.100899497742815925e+00
1.483891038431627063e+00 5.984121575193725562e+00
1.485744607617558666e+00 3.584158345465105810e+00
1.487597883928916564e+00 1.184195115736429216e+00
1.489450873866831060e+00 5.067417193187395696e+00
1.491303583923479392e+00 2.667453963458719102e+00
1.493156020582294463e+00 2.674907337300425070e-01
1.495008190318175556e+00 4.150712811181008988e+00
1.496860099597696392e+00 1.750749581452332393e+00
1.498711754879312519e+00 5.633971658903270452e+00
1.500563162613569368e+00 3.234008429174622279e+00
1.502414329243307645e+00 8.340451994459741059e-01
1.504265261203870274e+00 4.717267276896912165e+00
1.506115964923306461e+00 2.317304047168263992e+00
1.507966446822576634e+00 6.200526124619173629e+00
1.509816713315756731e+00 3.800562894890525456e+00
1.511666770810240923e+00 1.400599665161877283e+00
1.513516625706944341e+00 5.283821742612815342e+00
1.515366284400505581e+00 2.883858512884167169e+00
1.517215753279488100e+00 4.838952831554905742e-01
1.519065038726581163e+00 4.367117360606428633e+00
1.520914147118800797e+00 1.967154130877780460e+00
1.522763084827688962e+00 5.850376208328704308e+00
1.524611858219514948e+00 3.450412978600056135e+00
1.526460473655472105e+00 1.050449748871407962e+00
1.528308937491879238e+00 4.933671826322346021e+00
1.530157256080376227e+00 2.533708596593697848e+00
1.532005435768124091e+00 1.337453668650212535e-01
1.533853482898001275e+00 4.016967444315959312e+00
1.535701403808801269e+00 1.617004214587311139e+00
1.537549204835429340e+00 5.500226292038249198e+00
1.539396892309099041e+00 3.100263062309586815e+00
1.541244472557527834e+00 7.002998325809386415e-01
1.543091951905133818e+00 4.583521910031876700e+00
1.544939336673230468e+00 2.183558680303214317e+00
1.546786633180222914e+00 6.066780757754145270e+00
1.548633847741801572e+00 3.666817528025497097e+00
1.550480986671138428e+00 1.266854298296848924e+00
1.552328056279080659e+00 5.150076375747772772e+00
1.554175062874345370e+00 2.750113146019124599e+00
1.556022012763714102e+00 3.501499162904693208e-01
1.557868912252226234e+00 4.233371993741400274e+00
1.559715767643373274e+00 1.833408764012748549e+00
1.561562585239292922e+00 5.716630841463679502e+00
1.563409371340962029e+00 3.316667611735027776e+00
1.565256132248390886e+00 9.167043820063742743e-01
1.567102874260816403e+00 4.799926459457307004e+00
1.568949603676894844e+00 2.399963229728653502e+00
1.570796326794896558e+00 0.000000000000000000e+00
1.572643049912898272e+00 3.883222077450932730e+00
1.574489779328976713e+00 1.483258847722279228e+00
1.576336521341402230e+00 5.366480925173211958e+00
1.578183282248831087e+00 2.966517695444558456e+00
1.580030068350500194e+00 5.665544657159067299e-01
1.581876885946419842e+00 4.449776543166837683e+00
1.583723741337566882e+00 2.049813313438185958e+00
1.585570640826079014e+00 5.933035390889116911e+00
1.587417590715447746e+00 3.533072161160461633e+00
1.589264597310712457e+00 1.133108931431813460e+00
1.591111666918654688e+00 5.016331008882737308e+00
1.592958805847991544e+00 2.616367779154089135e+00
1.594806020409570202e+00 2.164045494254409618e-01
1.596653316916562648e+00 4.099626626876371915e+00
1.598500701684659298e+00 1.699663397147709532e+00
1.600348181032265282e+00 5.582885474598647590e+00
1.602195761280694075e+00 3.182922244869999417e+00
1.604043448754363776e+00 7.829590151413370336e-01
1.605891249780991847e+00 4.666181092592275093e+00
1.607739170691791841e+00 2.266217862863626920e+00
1.609587217821669025e+00 6.149439940314564979e+00
1.611435397509416889e+00 3.749476710585888384e+00
1.613283716097913878e+00 1.349513480857240211e+00
1.615132179934321011e+00 5.232735558308178270e+00
1.616980795370278168e+00 2.832772328579530097e+00
1.618829568762104154e+00 4.328090988508819237e-01
1.620678506470992319e+00 4.316031176301805772e+00
1.622527614863211953e+00 1.916067946573157599e+00
1.624376900310305016e+00 5.799290024024095658e+00
1.626226369189287535e+00 3.399326794295419063e+00
1.628076027882848775e+00 9.993635645667708900e-01
1.629925882779552193e+00 4.882585642017708949e+00
1.631775940274036385e+00 2.482622412289060776e+00
1.633626206767216482e+00 8.265918256041260292e-02
1.635476688666486655e+00 3.965881260011322240e+00
1.637327392385922842e+00 1.565918030282674067e+00
1.639178324346485471e+00 5.449140107733612126e+00
1.641029490976223748e+00 3.049176878004963953e+00
1.642880898710480597e+00 6.492136482763157801e-01
1.644732553992096724e+00 4.532435725727253839e+00
1.646584463271617560e+00 2.132472495998577244e+00
1.648436633007498653e+00 6.015694573449543725e+00
1.650289069666313724e+00 3.615731343720867130e+00
1.652141779722962056e+00 1.215768113992190536e+00
1.653994769660876551e+00 5.098990191443157016e+00
1.655848045972234450e+00 2.699026961714480422e+00
1.657701615158166053e+00 2.990637319858606702e-01
1.659555483728966330e+00 4.182285809436770307e+00
1.661409658204306306e+00 1.782322579708122134e+00
1.663264145113445780e+00 5.665544657159060193e+00
1.665118950995446490e+00 3.265581427430412020e+00
1.666974082399386159e+00 8.656181977017638474e-01
1.668829545884574550e+00 4.748840275152673485e+00
1.670685348020767735e+00 2.348877045424025312e+00
1.672541495388386812e+00 6.232099122874963371e+00
1.674397994578734394e+00 3.832135893146315198e+00
1.676254852194214440e+00 1.432172663417638603e+00
1.678112074848551183e+00 5.315394740868605084e+00
1.679969669167010737e+00 2.915431511139928489e+00
1.681827641786622918e+00 5.154682814112518940e-01
1.683685999356403062e+00 4.398690358862218375e+00
1.685544748537577409e+00 1.998727129133541780e+00
1.687403896003807136e+00 5.881949206584508261e+00
1.689263448441415294e+00 3.481985976855831666e+00
1.691123412549613958e+00 1.082022747127183493e+00
1.692983795040731598e+00 4.965244824578121552e+00
1.694844602640444675e+00 2.565281594849444957e+00
1.696705842088007232e+00 1.653183651208252058e-01
1.698567520136482711e+00 4.048540442571734843e+00
1.700429643552978654e+00 1.648577212843058248e+00
1.702292219118879846e+00 5.531799290294024729e+00
1.704155253630085465e+00 3.131836060565348134e+00
1.706018753897245332e+00 7.318728308367283830e-01
1.707882726745999280e+00 4.615094908287638020e+00
1.709747179017216290e+00 2.215131678559018269e+00
1.711612117567236524e+00 6.098353756009927906e+00
1.713477549268114464e+00 3.698390526281308155e+00
1.715343481007861604e+00 1.298427296552631560e+00
1.717209919690693587e+00 5.181649374003598041e+00
1.719076872237276898e+00 2.781686144274921446e+00
1.720944345584977553e+00 3.817229145462448514e-01
1.722812346688111562e+00 4.264944991997154489e+00
1.724680882518196290e+00 1.864981762268534737e+00
1.726549960064204026e+00 5.748203839719501218e+00
1.728419586332818003e+00 3.348240609990824623e+00
1.730289768348687529e+00 9.482773802621480286e-01
1.732160513154687775e+00 4.831499457713057666e+00
1.734031827812178683e+00 2.431536227984381071e+00
1.735903719401268308e+00 3.157299825581816322e-02
1.737776195021075054e+00 3.914795075706727800e+00
1.739649261789993906e+00 1.514831845978051206e+00
1.741522926845963326e+00 5.398053923428960843e+00
1.743397197346735039e+00 2.998090693700284248e+00
1.745272080470143594e+00 5.981274639717213404e-01
1.747147583414380811e+00 4.481349541422630978e+00
1.749023713398270452e+00 2.081386311693954383e+00
1.750900477661543997e+00 5.964608389144864020e+00
1.752777883465120645e+00 3.564645159416244269e+00
1.754655938091387757e+00 1.164681929687624518e+00
1.756534648844483959e+00 5.047904007138534155e+00
1.758414023050583808e+00 2.647940777409857560e+00
1.760294068058186445e+00 2.479775476812378088e-01
1.762174791238402927e+00 4.131199625132147446e+00
1.764056199985249540e+00 1.731236395403527695e+00
1.765938301715941350e+00 5.614458472854437332e+00
1.767821103871187516e+00 3.214495243125760737e+00
1.769704613915491054e+00 8.145320133971409859e-01
1.771588839337448595e+00 4.697754090848050623e+00
1.773473787650054145e+00 2.297790861119374028e+00
1.775359466391004615e+00 6.181012938570340509e+00
1.777245883123008463e+00 3.781049708841720758e+00
1.779133045434095006e+00 1.381086479113044163e+00
1.781020960937929054e+00 5.264308556563953800e+00
1.782909637274125325e+00 2.864345326835277206e+00
1.784799082108568413e+00 4.643820971067142978e-01
1.786689303133731643e+00 4.347604174557623935e+00
1.788580308069003033e+00 1.947640944828947340e+00
1.790472104661010144e+00 5.830863022279856978e+00
1.792364700683950041e+00 3.430899792551180383e+00
1.794258103939921023e+00 1.030936562822503788e+00
1.796152322259257916e+00 4.914158640273527112e+00
1.798047363500869356e+00 2.514195410544850517e+00
1.799943235552579068e+00 1.142321808161739227e-01
1.801839946331469378e+00 3.997454258267083560e+00
1.803737503784228702e+00 1.597491028538463809e+00
1.805635915887499943e+00 5.480713105989430289e+00
1.807535190648235313e+00 3.080749876260753695e+00
1.809435336104051384e+00 6.807866465320770999e-01
1.811336360323589023e+00 4.564008723982986737e+00
1.813238271406875990e+00 2.164045494254366986e+00
1.815141077485693311e+00 6.047267571705333467e+00
1.817044786723944316e+00 3.647304341976656872e+00
1.818949407318027900e+00 1.247341112247980277e+00
1.820854947497214660e+00 5.130563189698889914e+00
1.822761415524027040e+00 2.730599959970213320e+00
1.824668819694622135e+00 3.306367302416504117e-01
1.826577168339180490e+00 4.213858807692560049e+00
1.828486469822294680e+00 1.813895577963883454e+00
1.830396732543365879e+00 5.697117655414793091e+00
1.832307964937001543e+00 3.297154425686116497e+00
1.834220175473416869e+00 8.971911959575535889e-01
1.836133372658842244e+00 4.780413273408463226e+00
1.838047565035933140e+00 2.380450043679786631e+00
1.839962761184184004e+00 6.263672121130696269e+00
1.841878969720346593e+00 3.863708891402133361e+00
1.843796199298852745e+00 1.463745661673456766e+00
1.845714458612241149e+00 5.346967739124366403e+00
1.847633756391588333e+00 2.947004509395689809e+00
1.849554101406943651e+00 5.470412796670132138e-01
1.851475502467770262e+00 4.430263357118036538e+00
1.853397968423387443e+00 2.030300127389359943e+00
1.855321508163421784e+00 5.913522204840269580e+00
1.857246130618259050e+00 3.513558975111592986e+00
1.859171844759503589e+00 1.113595745383030078e+00
1.861098659600439742e+00 4.996817822833939715e+00
1.863026584196501911e+00 2.596854593105263120e+00
1.864955627645744851e+00 1.968913633765865256e-01
1.866885799089323505e+00 4.080113440827609850e+00
1.868817107711974845e+00 1.680150211098933255e+00
1.870749562742505923e+00 5.563372288549842892e+00
1.872683173454287253e+00 3.163409058821166298e+00
1.874617949165750863e+00 7.634458290924897028e-01
1.876553899240895218e+00 4.646667906543399340e+00
1.878491033089793927e+00 2.246704676814722745e+00
1.880429360169109998e+00 6.129926754265632383e+00
1.882368889982618532e+00 3.729963524537069475e+00
1.884309632081730523e+00 1.330000294808506567e+00
1.886251596066026659e+00 5.213222372259416204e+00
1.888194791583794885e+00 2.813259142530739609e+00
1.890139228332574861e+00 4.132959128020630146e-01
1.892084916059706856e+00 4.296517990252972652e+00
1.894031864562889966e+00 1.896554760524296057e+00
1.895980083690743001e+00 5.779776837975205694e+00
1.897929583343374471e+00 3.379813608246529100e+00
1.899880373472958128e+00 9.798503785178525050e-01
1.901832464084314500e+00 4.863072455968762142e+00
1.903785865235500196e+00 2.463109226240312921e+00
1.905740587038402989e+00 6.314599651163632643e-02
1.907696639659344440e+00 3.946368073962545964e+00
1.909654033319690081e+00 1.546404844233869369e+00
1.911612778296464699e+00 5.429626921684779006e+00
1.913572884922977613e+00 3.029663691956102411e+00
1.915534363589452393e+00 6.297004622274258168e-01
1.917497224743667017e+00 4.512922539678335454e+00
1.919461478891599127e+00 2.112959309949658859e+00
1.921427136598080176e+00 5.996181387400568497e+00
1.923394208487457124e+00 3.596218157672119276e+00
1.925362705244263006e+00 1.196254927943442681e+00
1.927332637613893507e+00 5.079477005394352318e+00
1.929304016403293742e+00 2.679513775665675723e+00
1.931276852481652817e+00 2.795505459369991286e-01
1.933251156781106150e+00 4.162772623387908766e+00
1.935226940297447129e+00 1.762809393659232171e+00
1.937204214090848087e+00 5.646031471110141808e+00
1.939182989286587944e+00 3.246068241381578900e+00
1.941163277075791838e+00 8.461050116529023057e-01
1.943145088716178304e+00 4.729327089103811943e+00
1.945128435532814892e+00 2.329363859375249035e+00
1.947113328918885999e+00 6.212585936826158672e+00
1.949099780336467802e+00 3.812622707097482078e+00
1.951087801317314074e+00 1.412659477368805483e+00
1.953077403463652439e+00 5.295881554819715120e+00
1.955068598448989503e+00 2.895918325091038525e+00
1.957061398018927312e+00 4.959550953624756175e-01
1.959055813991990247e+00 4.379177172813385255e+00
1.961051858260462133e+00 1.979213943084708660e+00
1.963049542791234447e+00 5.862436020535618297e+00
1.965048879626664968e+00 3.462472790807055389e+00
1.967049880885449298e+00 1.062509561078378795e+00
1.969052558763502159e+00 4.945731638529288432e+00
1.971056925534849347e+00 2.545768408800611837e+00
1.973062993552535671e+00 1.458051790719352425e-01
1.975070775249539778e+00 4.029027256522958567e+00
1.977080283139704298e+00 1.629064026794281972e+00
1.979091529818677753e+00 5.512286104245191609e+00
1.981104527964869133e+00 3.112322874516515014e+00
1.983119290340414009e+00 7.123596447878384197e-01
1.985135829792155970e+00 4.595581722238748057e+00
1.987154159252639385e+00 2.195618492510185149e+00
1.989174291741117040e+00 6.078840569961094786e+00
1.991196240364569991e+00 3.678877340232531878e+00
1.993220018318743625e+00 1.278914110503855284e+00
1.995245638889195261e+00 5.162136187954764921e+00
1.997273115452358638e+00 2.762172958226088326e+00
1.999302461476621495e+00 3.622097284974117315e-01
2.001333690523419584e+00 4.245431805948321369e+00
2.003366816248343341e+00 1.845468576219644774e+00
2.005401852402263874e+00 5.728690653670554411e+00
2.007438812832471609e+00 3.328727423941877817e+00
2.009477711483833140e+00 9.287641942134285955e-01
2.011518562399960963e+00 4.811986271664338233e+00
2.013561379724406741e+00 2.412023041935661638e+00
2.015606177701861679e+00 1.205981220698504330e-02
2.017652970679384428e+00 3.895281889657894681e+00
2.019701773107640097e+00 1.495318659929218086e+00
2.021752599542157025e+00 5.378540737380127723e+00
2.023805464644607088e+00 2.978577507651451128e+00
2.025860383184098890e+00 5.786142779227745336e-01
2.027917370038491374e+00 4.461836355373684171e+00
2.029976440195730980e+00 2.061873125645007576e+00
2.032037608755199898e+00 5.945095203096144587e+00
2.034100890929094074e+00 3.545131973367467992e+00
2.036166302043812770e+00 1.145168743638791398e+00
2.038233857541375649e+00 5.028390821089701035e+00
2.040303572980855851e+00 2.628427591361024440e+00
2.042375464039839716e+00 2.284643616323478454e-01
2.044449546515902050e+00 4.111686439083257483e+00
2.046525836328109804e+00 1.711723209354580888e+00
2.048604349518544865e+00 5.594945286805490525e+00
2.050685102253851255e+00 3.194982057076927617e+00
2.052768110826805437e+00 7.950188273483647095e-01
2.054853391657911477e+00 4.678240904799274347e+00
2.056940961297020198e+00 2.278277675070597752e+00
2.059030836424972755e+00 6.161499752521507389e+00
2.061123033855271292e+00 3.761536522792830795e+00
2.063217570535774037e+00 1.361573293064154200e+00
2.065314463550417035e+00 5.244795370515063837e+00
2.067413730120964743e+00 2.844832140786387242e+00
2.069515387608784174e+00 4.448689110578243344e-01
2.071619453516653220e+00 4.328090988508733972e+00
2.073725945490590750e+00 1.928127758780057377e+00
2.075834881321720893e+00 5.811349836231080701e+00
2.077946278948163972e+00 3.411386606502404106e+00
2.080060156456961629e+00 1.011423376773727512e+00
2.082176532086027265e+00 4.894645454224637149e+00
2.084295424226134230e+00 2.494682224495960554e+00
2.086416851422930652e+00 9.471899476728395939e-02
2.088540832378992018e+00 3.977941072218193597e+00
2.090667385955903512e+00 1.577977842489517002e+00
2.092796531176377428e+00 5.461199919940426639e+00
2.094928287226408781e+00 3.061236690211750044e+00
2.097062673457461113e+00 6.612734604833008234e-01
2.099199709388693158e+00 4.544495537934210461e+00
2.101339414709219255e+00 2.144532308205533866e+00
2.103481809280411063e+00 6.027754385656443503e+00
2.105626913138235246e+00 3.627791155927766908e+00
2.107774746495630680e+00 1.227827926199090314e+00
2.109925329744928746e+00 5.111050003649999951e+00
2.112078683460310469e+00 2.711086773921323356e+00
2.114234828400310295e+00 3.111235441926467615e-01
2.116393785510358505e+00 4.194345621643783772e+00
2.118555575925370249e+00 1.794382391915107178e+00
2.120720220972379444e+00 5.677604469366016815e+00
2.122887742173213521e+00 3.277641239637340220e+00
2.125058161247224575e+00 8.776780099086636255e-01
2.127231500114057816e+00 4.760900087359573263e+00
2.129407780896474200e+00 2.360936857630896668e+00
2.131587025923222356e+00 6.244158935081806305e+00
2.133769257731962021e+00 3.844195705353129711e+00
2.135954499072235446e+00 1.444232475624680490e+00
2.138142772908497413e+00 5.327454553075590127e+00
2.140334102423195439e+00 2.927491323346913532e+00
2.142528511019907711e+00 5.275280936182369373e-01
2.144726022326535642e+00 4.410750171069146575e+00
2.146926660198558157e+00 2.010786941340469980e+00
2.149130448722340603e+00 5.894009018791379617e+00
2.151337412218506717e+00 3.494045789062703022e+00
2.153547575245374102e+00 1.094082559334026428e+00
2.155760962602450093e+00 4.977304636785163439e+00
2.157977599333993801e+00 2.577341407056486844e+00
2.160197510732643877e+00 1.773781773278102492e-01
2.162420722343116886e+00 4.060600254778719886e+00
2.164647259965970072e+00 1.660637025050043292e+00
2.166877149661440960e+00 5.543859102500952929e+00
2.169110417753353115e+00 3.143895872772276334e+00
2.171347090833104509e+00 7.439326430435997395e-01
2.173587195763722502e+00 4.627154720494736750e+00
2.175830759684004967e+00 2.227191490766060156e+00
2.178077810012735593e+00 6.110413568216969793e+00
2.180328374452984885e+00 3.710450338488293198e+00
2.182582480996491547e+00 1.310487108759616603e+00
2.184840157928131799e+00 5.193709186210526241e+00
2.187101433830473951e+00 2.793745956481849646e+00
2.189366337588425360e+00 3.937827267531730513e-01
2.191634898393970854e+00 4.277004804204082689e+00
2.193907145751002652e+00 1.877041574475633468e+00
2.196183109480249751e+00 5.760263651926543105e+00
2.198462819724305906e+00 3.360300422197866510e+00
2.200746306952757081e+00 9.603371924691899153e-01
2.203033601967415045e+00 4.843559269920099553e+00
2.205324735907654876e+00 2.443596040191422958e+00
2.207619740255865715e+00 4.363281046274636310e-02
2.209918646843006762e+00 3.926854887913656000e+00
2.212221487854283630e+00 1.526891658184979406e+00
2.214528295834942817e+00 5.410113735635889043e+00
2.216839103696178981e+00 3.010150505907212448e+00
2.219153944721176330e+00 6.101872761787632271e-01
2.221472852571268142e+00 4.493409353629445491e+00
2.223795861292233056e+00 2.093446123900996270e+00
2.226123005320719273e+00 5.976668201351678533e+00
2.228454319490809077e+00 3.576704971623229312e+00
2.230789839040723699e+00 1.176741741894552717e+00
2.233129599619670724e+00 5.059963819345462355e+00
2.235473637294842497e+00 2.660000589617013134e+00
2.237821988558562847e+00 2.600373598881091652e-01
2.240174690335593688e+00 4.143259437339246176e+00
2.242531779990598828e+00 1.743296207610342208e+00
2.244893295335773864e+00 5.626518285061479219e+00
2.247259274638644833e+00 3.226555055332575250e+00
2.249629756630042721e+00 8.265918256041260292e-01
2.252004780512249837e+00 4.709813903054808293e+00
2.254384385967339810e+00 2.309850673326359072e+00
2.256768613165695214e+00 6.193072750777496083e+00
2.259157502774728155e+00 3.793109521048592114e+00
2.261551095967792246e+00 1.393146291320142893e+00
2.263949434433304209e+00 5.276368368770825157e+00
2.266352560384074621e+00 2.876405139042375936e+00
2.268760516566856289e+00 4.764419093134719674e-01
2.271173346272109317e+00 4.359663986764608978e+00
2.273591093344005110e+00 1.959700757035705010e+00
2.276013802190657298e+00 5.842922834486842021e+00
2.278441517794598248e+00 3.442959604757938052e+00
2.280874285723506478e+00 1.042996375029488831e+00
2.283312152141188545e+00 4.926218452480625842e+00
2.285755163818826041e+00 2.526255222751721874e+00
2.288203368146495720e+00 1.262919930232726529e-01
2.290656813144966719e+00 4.009514070473954916e+00
2.293115547477790006e+00 1.609550840745505695e+00
2.295579620463684911e+00 5.492772918196187959e+00
2.298049082089228534e+00 3.092809688467738738e+00
2.300523983021863117e+00 6.928464587388347695e-01
2.303004374623228934e+00 4.576068536189971780e+00
2.305490308962832913e+00 2.176105306461522559e+00
2.307981838832059651e+00 6.059327383912204823e+00
2.310479017758542142e+00 3.659364154183755602e+00
2.312981900020899317e+00 1.259400924454851634e+00
2.315490540663849739e+00 5.142623001905988644e+00
2.318004995513721411e+00 2.742659772177084676e+00
2.320525321194360835e+00 3.426965424486354550e-01
2.323051575143458614e+00 4.225918619899317719e+00
2.325583815629308049e+00 1.825955390170868498e+00
2.328122101768003827e+00 5.709177467621550761e+00
2.330666493541101225e+00 3.309214237893101540e+00
2.333217051813746501e+00 9.092510081646523190e-01
2.335773838353297993e+00 4.792473085615334583e+00
2.338336915848448161e+00 2.392509855886885362e+00
2.340906347928874531e+00 6.275731933337567625e+00
2.343482199185420889e+00 3.875768703609118404e+00
2.346064535190843792e+00 1.475805473880214436e+00
2.348653422521129741e+00 5.359027551331351447e+00
2.351248928777411873e+00 2.959064321602447478e+00
2.353851122608499491e+00 5.591010918739982571e-01
2.356460073734050642e+00 4.442323169324907894e+00
2.359075852968400611e+00 2.042359939596231300e+00
2.361698532245072979e+00 5.925582017047368311e+00
2.364328184642002562e+00 3.525618787318464342e+00
2.366964884407484870e+00 1.125655557590015121e+00
2.369608706986888080e+00 5.008877635040697385e+00
2.372259729050149701e+00 2.608914405312248164e+00
2.374918028520085045e+00 2.089511755835715689e-01
2.377583684601544789e+00 4.092173253034481206e+00
2.380256777811440294e+00 1.692210023305804611e+00
2.382937390009682410e+00 5.575432100756714249e+00
2.385625604431056423e+00 3.175468871028037654e+00
2.388321505718074889e+00 7.755056412993610593e-01
2.391025179954842539e+00 4.658727718750498070e+00
2.393736714701973689e+00 2.258764489021594102e+00
2.396456199032596768e+00 6.141986566472731113e+00
2.399183723569497495e+00 3.742023336744054518e+00
2.401919380523434899e+00 1.342060107015377923e+00
2.404663263732680356e+00 5.225282184466287561e+00
2.407415468703830275e+00 2.825318954737610966e+00
2.410176092653937729e+00 4.253557250089343711e-01
2.412945234554017659e+00 4.308577802459844008e+00
2.415722995173982923e+00 1.908614572731167414e+00
2.418509477129064056e+00 5.791836650182077051e+00
2.421304784927779341e+00 3.391873420453627830e+00
2.424109025021513375e+00 9.919101907249512351e-01
2.426922305855772954e+00 4.875132268175860872e+00
2.429744737923192233e+00 2.475169038447184278e+00
2.432576433818354644e+00 7.520580871850768290e-02
2.435417508294514199e+00 3.958427886169417320e+00
2.438268078322296972e+00 1.558464656440740725e+00
2.441128263150460054e+00 5.441686733891650363e+00
2.443998184368809667e+00 3.041723504162973768e+00
2.446877965973359714e+00 6.417602744345245469e-01
2.449767734433838662e+00 4.524982351885434184e+00
2.452667618763644697e+00 2.125019122156757589e+00
2.455577750592358832e+00 6.008241199607667227e+00
2.458498264240930986e+00 3.608277969878990632e+00
2.461429296799662936e+00 1.208314740150314037e+00
2.464370988209112934e+00 5.091536817601223675e+00
2.467323481344057434e+00 2.691573587872547080e+00
2.470286922100656035e+00 2.916103581438704850e-01
2.473261459486963076e+00 4.174832435594780122e+00
2.476247245716954204e+00 1.774869205866330901e+00
2.479244436308221999e+00 5.658091283317240539e+00
2.482253190183534741e+00 3.258128053588563944e+00
2.485273669776429273e+00 8.581648238598873490e-01
2.488306041141049363e+00 4.741386901310796986e+00
2.491350474066428955e+00 2.341423671582120392e+00
2.494407142195452121e+00 6.224645749033030029e+00
2.497476223148715757e+00 3.824682519304580808e+00
2.500557898653553934e+00 1.424719289575676839e+00
2.503652354678479686e+00 5.307941367026813850e+00
2.506759781573332013e+00 2.907978137297909882e+00
2.509880374215424315e+00 5.080149075694606609e-01
2.513014332162008646e+00 4.391236985020370298e+00
2.516161859809395551e+00 1.991273755291693703e+00
2.519323166559089167e+00 5.874495832742603341e+00
2.522498466991314192e+00 3.474532603013926746e+00
2.525687981046344621e+00 1.074569373285477525e+00
2.528891934214065440e+00 4.957791450736159788e+00
2.532110557732230482e+00 2.557828221007710567e+00
2.535344088793904493e+00 1.578649912788065990e-01
2.538592770764620088e+00 4.041087068729943610e+00
2.541856853409808270e+00 1.641123839001039642e+00
2.545136593133100256e+00 5.524345916452176652e+00
2.548432253226150301e+00 3.124382686723500058e+00
2.551744104130655444e+00 7.244194569948234630e-01
2.555072423713319552e+00 4.607641534445960474e+00
2.558417497554543729e+00 2.207678304717056506e+00
2.561779619251692619e+00 6.090900382168193516e+00
2.565159090737847869e+00 3.690937152439289548e+00
2.568556222617016882e+00 1.290973922710840327e+00
2.571971334516862662e+00 5.174196000161522591e+00
2.575404755460070305e+00 2.774232770433073370e+00
2.578856824255577607e+00 3.742695407041694011e-01
2.582327889910982055e+00 4.257491618155306412e+00
2.585818312067536429e+00 1.857528388426857191e+00
2.589328461459270869e+00 5.740750465877539455e+00
2.592858720397889893e+00 3.340787236149090234e+00
2.596409483285238906e+00 9.408240064201862651e-01
2.599981157155278666e+00 4.824046083871323276e+00
2.603574162247666912e+00 2.424082854142419308e+00
2.607188932615239096e+00 2.411962441397008661e-02
2.610825916767851140e+00 3.907341701864652350e+00
2.614485578355299822e+00 1.507378472136203129e+00
2.618168396892241567e+00 5.390600549586885393e+00
2.621874868528316860e+00 2.990637319858436172e+00
2.625605506866970362e+00 5.906740901299869506e-01
2.629360843836788142e+00 4.473896167580669214e+00
2.633141430619515777e+00 2.073932937852219993e+00
2.636947838639338570e+00 5.957155015302902257e+00
2.640780660618433195e+00 3.557191785574453036e+00
2.644640511704299257e+00 1.157228555845549067e+00
2.648528030674926370e+00 5.040450633296686078e+00
2.652443881228459865e+00 2.640487403567782110e+00
2.656388753364730348e+00 2.405241738393328887e-01
2.660363364866755731e+00 4.123746251290015152e+00
2.664368462891212985e+00 1.723783021561565931e+00
2.668404825677826331e+00 5.607005099012702942e+00
2.672473264388723901e+00 3.207041869283798974e+00
2.676574625090041959e+00 8.070786395553497528e-01
2.680709790889458155e+00 4.690300717006032016e+00
2.684879684244902531e+00 2.290337487277582795e+00
2.689085269461515715e+00 6.173559564728265059e+00
2.693327555395935047e+00 3.773596334999815838e+00
2.697607598389359929e+00 1.373633105270911869e+00
2.701926505453484673e+00 5.256855182722048880e+00
2.706285437736458910e+00 2.856891952993599659e+00
2.710685614299559454e+00 4.569287232646956909e-01
2.715128316239288075e+00 4.340150800715832702e+00
2.719614891194312989e+00 1.940187570986928733e+00
2.724146758282080416e+00 5.823409648438065744e+00
2.728725413516237985e+00 3.423446418709161776e+00
2.733352435763362731e+00 1.023483188980712555e+00
2.738029493306071593e+00 4.906705266431394818e+00
2.742758351089710001e+00 2.506742036702945597e+00
2.747540878741662862e+00 1.067788069742690027e-01
2.752379059466410371e+00 3.990000884425178640e+00
2.757274999936091042e+00 1.590037654696729419e+00
2.762230941316203392e+00 5.473259732147411682e+00
2.767249271589812487e+00 3.073296502418962461e+00
2.772332539372170501e+00 6.733332726900584930e-01
2.777483469442100006e+00 4.556555350141195504e+00
2.782704980258266847e+00 2.156592120412291536e+00
2.788000203779398500e+00 6.039814197863428546e+00
2.793372507969958729e+00 3.639850968134751952e+00
2.798825522449743364e+00 1.239887738406075357e+00
2.804363167841340321e+00 5.123109815856984994e+00
2.809989689488567421e+00 2.723146586128308400e+00
2.815709696368754233e+00 3.231833563998591785e-01
2.821528206211320722e+00 4.206405433850541442e+00
2.827450698076925839e+00 1.806442204122092221e+00
2.833483173962485502e+00 5.689664281572774485e+00
2.839632231400926798e+00 3.289701051844325264e+00
2.845905149553118019e+00 8.897378221156486688e-01
2.852309991988843052e+00 4.772959899566558306e+00
2.858855730289333152e+00 2.372996669837881711e+00
2.865552393870427927e+00 6.256218747288791349e+00
2.872411253162274747e+00 3.856255517560114754e+00
2.879445045696605199e+00 1.456292287831438159e+00
2.886668258063201264e+00 5.339514365282575170e+00
2.894097481595077959e+00 2.939551135553898575e+00
2.901751866808232716e+00 5.395879058252219806e-01
2.909653712326092823e+00 4.422809983276131618e+00
2.917829240381361711e+00 2.022846753547455023e+00
2.926309636657993707e+00 5.906068830998137287e+00
2.935132473711561829e+00 3.506105601269688066e+00
2.944343706514285230e+00 1.106142371540784097e+00
2.954000549086158500e+00 4.989364448991921108e+00
2.964175760131372517e+00 2.589401219263017140e+00
2.974964285874103886e+00 1.894379895345679188e-01
2.986494069527991790e+00 4.072660066985704930e+00
2.998944750625356370e+00 1.672696837256800961e+00
3.012582693327637173e+00 5.555918914707937972e+00
3.027834118706064004e+00 3.155955684979034004e+00
3.045463968665699461e+00 7.559924552505847828e-01
3.067143168145790355e+00 4.639214532701267046e+00
3.098615841971657403e+00 2.239251302972817825e+00
