  +1.4143107818157241e-14 
  +3.7853042285004685e-12 
  -1.2605297483771093e-12 
  +9.5930831309341561e-12 
  -7.4303622757414563e-12 
  +3.9355634205250548e-13 
  -1.3953117957050126e-12 
  +2.5238049542003378e-12 
  +3.8423420345424568e-12 
  +1.0464709611290458e-09 
  -3.6231824106121003e-10 
  +2.5985324064318641e-09 
  -2.7715688630112390e-09 
  +1.0503958599487936e-10 
  -3.6553249770000213e-10 
  +6.6314391997720470e-10 
  -1.3017206689104248e-12 
  -3.6409285844125517e-10 
  +1.9433932757384734e-09 
  +1.8457732340573594e-08 
  -1.3916186897880130e-08 
  -4.5447376244532665e-09 
  -9.0662149873899178e-10 
  -4.8562284069895300e-10 
  +1.0159590897757153e-11 
  +2.6321635789012071e-09 
  +1.8451070741235439e-08 
  +1.7097987037691224e-06 
  -1.1050899653153412e-06 
  -1.9973911915878074e-07 
  -4.7568228318192717e-08 
  -1.0917595685916979e-08 
  -1.9668612461695885e-11 
  -3.4876264517540323e-09 
  -1.3779841194921031e-08 
  -1.1049859297958917e-06 
  +1.3379451867231082e-06 
  +1.3390674791974090e-07 
  +3.0650876212849845e-08 
  +7.6800004937534332e-09 
  +3.7766380791303673e-13 
  +1.0421221466830700e-10 
  -4.5446345872565403e-09 
  -1.9973796603601914e-07 
  +1.3388475559619030e-07 
  +5.3653305535600888e-08 
  +1.2270577693375750e-08 
  +3.3050156852544721e-09 
  -1.3776908447747516e-12 
  -3.6600195317374516e-10 
  -9.0573423199323898e-10 
  -4.7583280859288971e-08 
  +3.0972819327125839e-08 
  +1.2270964102130855e-08 
  +3.6829868300032542e-09 
  +7.3277701460137398e-10 
  +2.4979155133966082e-12 
  +6.6505461694683913e-10 
  -4.8780818450915224e-10 
  -1.0883353162378610e-08 
  +6.9450157547406444e-09 
  +3.3041077611204931e-09 
  +7.3315420930334894e-10 
  +8.1423115024671711e-10 
