  +1.0589283734354802e-08 
  -1.1046701711398802e-08 
  +1.7871533915808469e-08 
  -1.9913435959156125e-08 
  +7.5221169120936208e-09 
  -6.1332492126294741e-09 
  +1.7084370182320353e-08 
  -1.3733818788233406e-08 
  -1.1068040155884868e-08 
  +1.9769288322033452e-08 
  -1.6208924750697808e-08 
  +3.1803605362070309e-08 
  -1.5534037659118940e-08 
  -3.0659417639825304e-09 
  -2.0090620250843684e-08 
  +1.2505837263546819e-08 
  +1.7891054821853800e-08 
  -1.6207834552581017e-08 
  +3.7341269480957052e-07 
  -9.2060607673568365e-08 
  -9.2571213960211803e-08 
  -1.2282489688243872e-07 
  -1.7784748070251717e-08 
  -3.4456183396414361e-08 
  -1.9516750979111994e-08 
  +3.1486605255321491e-08 
  -9.1750341632279751e-08 
  +2.0980863204897136e-06 
  -1.5668305912138238e-06 
  -1.8367112421226045e-07 
  -9.9235403966158782e-08 
  -1.4395952860102998e-09 
  +7.5418353160341131e-09 
  -1.5547314016801207e-08 
  -9.2558060801024731e-08 
  -1.5668767111077529e-06 
  +3.3613594571501937e-06 
  -1.6377046701531296e-06 
  +3.9449811018180320e-08 
  +3.7367819056974933e-09 
  -6.1470047719404730e-09 
  -3.0529646123445196e-09 
  -1.2283747100645282e-07 
  -1.8370801528484055e-07 
  -1.6377081030663878e-06 
  +2.8402421632932044e-06 
  -8.0941987183898350e-07 
  +2.5122995954774219e-08 
  +1.7416494120151647e-08 
  -2.0358286411569945e-08 
  -1.7522912276265499e-08 
  -9.9193425166889406e-08 
  +3.9490511569572938e-08 
  -8.0939044005314738e-07 
  +1.0596881355161182e-06 
  -1.2129614696558935e-07 
  -1.3717749240562297e-08 
  +1.2509374885249641e-08 
  -3.4458598796973560e-08 
  -1.7440889461025832e-09 
  +3.7235145895017602e-09 
  +2.5135049163087775e-08 
  -1.2155278443864844e-07 
  +1.3892461116444830e-07 
