  +6.3889155577797407e-10 
  -4.7282579613972780e-10 
  +6.0679537559634396e-10 
  +8.4558643292834292e-10 
  +4.5234087729439474e-10 
  -1.5278280859449684e-09 
  +4.8904758118213028e-10 
  -3.8605487368080615e-11 
  -4.7387200104508651e-10 
  +3.5219905000366983e-10 
  -4.5330237371815657e-10 
  -5.3480489427108601e-10 
  -4.0319269801390565e-10 
  +1.0962547435307392e-09 
  -3.5735279767774009e-10 
  +2.7678553116198358e-11 
  +6.0953151133869480e-10 
  -4.5437556762324794e-10 
  +2.5272543029049379e-08 
  +8.7762326889322133e-08 
  -6.7488858272456079e-08 
  -3.1298855714934822e-08 
  -8.0987635709694125e-09 
  -2.6915435481983914e-09 
  +5.2368516579113378e-10 
  -3.6188886754451824e-10 
  +8.7640305628434328e-08 
  +1.2307038230096190e-06 
  -9.9235232961012608e-07 
  -2.3286741931854691e-07 
  -6.5362635027643874e-08 
  -2.1149139331035551e-08 
  +7.1754322068083154e-10 
  -5.4576676383191833e-10 
  -6.7388028635640830e-08 
  -9.9238773113473402e-07 
  +1.0667292771616254e-06 
  +9.5928145835525482e-08 
  +4.0619827933346468e-08 
  +1.2535972747676533e-08 
  -1.5366466249612619e-09 
  +1.1017775315869231e-09 
  -3.1304253410240865e-08 
  -2.3262566388190209e-07 
  +9.5729942461201021e-08 
  +1.3119714671065229e-07 
  +2.1441662959249420e-08 
  +7.2412428503476547e-09 
  +4.8677976884004200e-10 
  -3.5659161692161709e-10 
  -8.0984279689217092e-09 
  -6.5503253804865654e-08 
  +4.0735927858310094e-08 
  +2.1436107503911711e-08 
  +8.1536791752776015e-09 
  +2.4441086280931879e-09 
  -3.8336510938659138e-11 
  +2.7532570878278323e-11 
  -2.6914376766385567e-09 
  -2.1149599599299116e-08 
  +1.2536322359523653e-08 
  +7.2414322489242034e-09 
  +2.4439878863163805e-09 
  +9.7655161798990467e-10 
