  +6.2639409853680084e-11 
  +1.0880490742383345e-11 
  -5.0824330652280346e-10 
  +2.2620530327411162e-10 
  +4.6642270189019358e-10 
  -3.1565721249998692e-11 
  +1.3555334605343635e-10 
  +1.3676814112633161e-10 
  +1.1029110471497818e-11 
  +5.4056222697101804e-11 
  +2.1714673034349756e-10 
  +1.0044713723884599e-09 
  -6.5380084556986209e-10 
  -3.7542160483314485e-10 
  -1.0590542825997921e-10 
  -2.3642842737299520e-11 
  -5.0800336450269054e-10 
  +2.1765100675528209e-10 
  +1.2959705615715652e-07 
  +9.6191231439223504e-08 
  -1.1921166627934170e-07 
  -7.1038711867406170e-08 
  -2.3910696591723493e-08 
  -8.9105130905536849e-09 
  +2.8374318343505510e-10 
  +9.7322819558781572e-10 
  +9.5945560519844392e-08 
  +1.7606455424893635e-06 
  -1.4373830159428141e-06 
  -2.3262955720888390e-07 
  -7.8119808360896961e-08 
  -2.7901325423008185e-08 
  +4.3776755449346054e-10 
  -6.3851990115440939e-10 
  -1.1908976688517868e-07 
  -1.4374909745408088e-06 
  +1.6475505094964778e-06 
  +1.8065885878542147e-08 
  +4.6944784030311701e-08 
  +1.7192977563974627e-08 
  -2.7624682580360618e-11 
  -3.7790317726024956e-10 
  -7.1056090488313283e-08 
  -2.3276179975893275e-07 
  +1.8139140210635911e-08 
  +2.3828952108966750e-07 
  +2.9514898142085608e-08 
  +1.1651820886509430e-08 
  +1.3495790135842787e-10 
  -1.0551456846853940e-10 
  -2.3908045177994371e-08 
  -7.8093663385847442e-08 
  +4.6930646012608110e-08 
  +2.9515320390095448e-08 
  +1.7478413494920483e-08 
  +4.9665289669311558e-09 
  +1.3695179412026381e-10 
  -2.3192073418445075e-11 
  -8.9104084839279051e-09 
  -2.7688202877131662e-08 
  +1.7087182373244960e-08 
  +1.1666840745192975e-08 
  +4.9642399655346316e-09 
  +2.1972527981778077e-09 
