  +4.9280058480026754e-10 
  +6.4647473963013494e-10 
  -1.6604582441914959e-09 
  +4.4010203737402191e-09 
  -6.0730241622500958e-10 
  +9.3904585774322810e-10 
  -1.0836491189340656e-09 
  +1.5002620183964746e-10 
  +6.4786220663794321e-10 
  +8.5157206229357483e-10 
  -2.1892229384246327e-09 
  +5.5040332466467602e-09 
  -9.1061850628958229e-10 
  +1.2216865902328154e-09 
  -1.4045488724438361e-09 
  +1.9502847753216253e-10 
  -1.6669298378361198e-09 
  -2.1926333090801443e-09 
  +1.3958578389020616e-08 
  +2.6668360983410969e-08 
  -3.0449876769275619e-08 
  -1.4847785196802425e-08 
  +6.3174735991212606e-10 
  -1.3345541050366994e-09 
  +3.8305885407505103e-09 
  +4.9718054868104263e-09 
  +2.7748731030457021e-08 
  +3.4095504647170217e-06 
  -8.6553336328777015e-07 
  -2.0559246635124728e-07 
  -6.7553735017134698e-08 
  -1.4294058163262316e-08 
  -1.0362302011723045e-09 
  -1.3095676014592290e-09 
  -2.9643346824572599e-08 
  -8.6604797791988119e-07 
  +2.8072927400323653e-06 
  +1.3389160487837305e-07 
  +3.3540699368602959e-08 
  +1.0084669737484170e-08 
  +9.3303430967618133e-10 
  +1.2178332245462558e-09 
  -1.4844588140825705e-08 
  -2.0631423508125421e-07 
  +1.3335430486517884e-07 
  +7.6490641625637687e-08 
  +1.4286119603829942e-08 
  +4.9353062886448616e-09 
  -1.0809312212936223e-09 
  -1.4042311119552602e-09 
  +6.3694576934518577e-10 
  -6.6641799915203728e-08 
  +3.4223963542121555e-08 
  +1.4292291153172781e-08 
  +7.4521982361259583e-09 
  +1.1365181452238090e-09 
  +1.5051606630796377e-10 
  +1.9616615578481210e-10 
  -1.3386565247059010e-09 
  -1.4573883510591837e-08 
  +9.8738172738335501e-09 
  +4.9317374970479866e-09 
  +1.1386345439970091e-09 
  +6.3648611443241565e-10 
